tRNA	Position in the tRNA	Mutant nucleotide	"Position in the ""Cambridge"" sequence"	"Mutant nucleotide in the ""Cambridge"" sequence"	Number of Greater Apes with the mutant nucleotide	Number of Greater Apes with A	Number of Greater Apes with T	Number of Greater Apes with G	Number of Greater Apes with C	Number of Greater Apes with the most frequent nucleotide	Number of primates with the mutant nucleotides	Number of primates with A	Number of primates with T	Number of primates with G	Number of primates with C	Number of primates with the most frequent nucleotide	
TRNT	43	A	15930	A	5	5	0	1	0	5	14	14	0	2	1	14	
TRNL2	37	A	12302	A	3	3	0	0	3	3	14	14	0	0	3	14	
TRNR	23	A	10427	A	2	2	0	4	0	4	13	13	0	4	0	13	
TRND	55	C	7572	C	5	0	1	0	5	5	13	1	3	0	13	13	
TRNH	44	T	12181	T	2	0	2	0	4	4	12	0	12	0	5	12	
TRNS1	44	A	7471	T	4	4	0	2	0	4	12	12	2	3	0	12	
TRNW	52	A	5563	A	5	5	0	1	0	5	12	12	1	1	1	12	
TRNP	54	G	15970	C	3	2	1	3	0	3	11	2	4	11	0	11	
TRNP	55	T	15969	A	3	0	3	3	0	3	11	1	11	4	0	11	
TRNS1	17	T	7498	A	5	0	5	0	1	5	11	0	11	0	6	11	
TRNY	52	A	5840	T	3	3	0	2	0	3	11	11	0	3	0	11	
TRNW	17	C	5528	C	5	0	1	0	5	5	11	2	4	0	11	11	
TRNI	56	T	4318	T	4	0	4	0	2	4	11	0	11	0	6	11	
TRNI	50	T	4312	T	5	0	5	0	1	5	11	1	11	1	4	11	
TRNI	15	C	4277	C	2	0	4	0	2	4	11	0	6	0	11	11	
TRNP	24	G	16000	C	2	1	0	2	3	3	10	1	3	10	3	10	
TRNT	45	T	15932	T	2	0	2	0	4	4	10	1	10	0	6	10	
TRNS2	39	C	12245	C	3	0	3	0	3	3	10	0	7	0	10	10	
TRNH	52	C	12189	C	5	0	1	0	5	5	10	0	7	0	10	10	
TRNG	23	A	10013	A	0	0	0	0	6	6	10	10	1	0	6	10	
TRNC	21	G	5806	C	2	4	0	2	0	4	10	7	0	10	0	10	
TRNC	53	T	5774	A	0	4	0	2	0	4	10	4	10	2	1	10	
TRNN	45	T	5685	A	0	0	0	6	0	6	10	0	10	7	0	10	
TRNQ	21	A	4380	T	0	0	0	6	0	6	10	10	0	7	0	10	
TRNL1	61	C	60	C	2	0	4	0	2	4	10	1	6	0	10	10	
TRNS2	11	G	12217	G	1	5	0	1	0	5	9	8	0	9	0	9	
TRNS2	10	T	12216	T	2	0	2	0	4	4	9	0	9	0	6	9	
TRNK	42	C	8336	C	2	0	4	0	2	4	9	0	8	0	9	9	
TRND	50	T	7567	T	4	0	4	0	2	4	9	2	9	0	3	9	
TRNC	41	G	5786	C	2	4	0	2	0	4	9	8	0	9	0	9	
TRNN	57	G	5673	C	1	5	0	1	0	5	9	8	0	9	0	9	
TRNM	55	T	4456	T	1	0	1	0	5	5	9	0	9	0	8	9	
TRNF	20	C	596	C	3	0	3	0	3	3	9	0	3	0	9	9	
TRNF	15	A	591	A	0	0	2	0	4	4	9	9	2	1	5	9	
TRNL1	48	A	47	A	2	2	0	4	0	4	9	9	1	5	2	9	
TRNH	55	A	12192	A	3	3	0	3	0	3	8	8	0	3	6	8	
TRNR	42	G	10446	G	1	5	0	1	0	5	8	9	0	8	0	9	
TRNG	17	C	10007	C	3	0	3	0	3	3	8	1	8	0	8	8	
TRNY	53	A	5839	T	1	1	0	5	0	5	8	8	0	8	1	8	
TRNV	53	C	1654	C	5	0	1	0	5	5	8	3	4	0	8	8	
TRNF	48	T	624	T	1	0	1	0	5	5	8	0	8	0	9	9	
TRNL1	46	T	45	T	1	0	1	0	5	5	8	2	8	0	7	8	
TRNE	42	A	14701	T	2	2	0	4	0	4	7	7	0	10	0	10	
TRNE	52	A	14691	T	2	2	0	4	0	4	7	7	1	8	0	8	
TRNH	51	C	12188	C	2	0	4	0	2	4	7	0	10	0	7	10	
TRNR	50	C	10454	C	2	0	4	0	2	4	7	1	8	0	7	8	
TRNG	50	T	10040	T	1	0	1	0	5	5	7	0	7	0	9	9	
TRNG	44	C	10034	C	0	0	6	0	0	6	7	1	9	0	7	9	
TRNK	16	C	8310	C	5	0	1	0	5	5	7	3	5	0	7	7	
TRND	51	C	7568	C	2	0	4	0	2	4	7	0	9	0	7	9	
TRND	17	T	7534	T	3	0	3	0	3	3	7	2	7	0	8	8	
TRND	16	T	7533	T	0	0	0	0	6	6	7	2	7	0	8	8	
TRNS1	14	G	7501	C	2	4	0	2	0	4	7	7	2	7	0	7	
TRNA	52	A	5604	T	1	1	0	5	0	5	7	7	1	8	0	8	
TRNQ	17	G	4384	C	2	4	0	2	0	4	7	8	0	7	0	8	
TRNI	51	C	4313	C	2	0	4	0	2	4	7	0	8	2	7	8	
TRNT	17	T	15904	T	2	0	2	0	4	4	6	1	6	0	9	9	
TRNH	55	C	12192	C	0	3	0	3	0	3	6	8	0	3	6	8	
TRNH	17	T	12154	T	0	0	0	0	6	6	6	1	6	0	9	9	
TRNG	55	C	10045	C	3	0	3	0	3	3	6	2	9	0	6	9	
TRNG	41	C	10031	C	2	0	4	0	2	4	6	3	8	0	6	8	
TRNG	16	C	10006	C	0	2	1	3	0	3	6	4	3	4	6	6	
TRNK	15	T	8309	T	1	0	1	0	5	5	6	1	6	0	8	8	
TRNY	51	T	5841	A	0	3	0	1	0	3	6	5	6	2	0	6	
TRNC	50	A	5777	T	2	2	0	0	4	4	6	6	2	1	8	8	
TRNN	26	A	5704	T	0	0	0	6	0	6	6	6	2	9	0	9	
TRNM	53	C	4454	C	3	0	3	0	3	3	6	2	9	0	6	9	
TRNQ	14	A	4387	T	0	0	0	6	0	6	6	6	0	11	0	11	
TRNQ	47	A	4354	T	0	0	0	6	0	6	6	6	1	10	0	10	
TRNQ	56	A	4345	T	3	3	0	3	0	3	6	6	0	11	0	11	
TRNI	52	C	4314	C	1	0	5	0	1	5	6	1	10	0	6	10	
TRNV	18	T	1619	T	2	0	2	0	4	4	6	2	6	0	9	9	
TRNF	18	A	594	A	2	2	0	0	4	4	6	6	5	0	4	6	
TRNF	17	C	593	C	3	0	3	0	3	3	6	3	6	1	6	6	
TRNF	16	A	592	A	0	0	0	0	6	6	6	6	2	0	9	9	
TRNL1	21	C	20	C	0	0	6	0	0	6	6	0	11	0	6	11	
TRNP	52	G	15972	C	1	5	0	1	0	5	5	10	1	5	1	10	
TRNT	53	C	15940	C	2	0	4	0	2	4	5	2	7	0	5	7	
TRNE	53	G	14690	C	0	0	4	0	2	4	5	4	6	5	2	6	
TRNL2	19	T	12284	T	1	0	1	0	5	5	5	1	5	0	11	11	
TRNL2	15	G	12280	G	0	6	0	0	0	6	5	12	0	5	0	12	
TRNS2	44	A	12250	A	0	0	0	0	6	6	5	5	2	0	9	9	
TRNS2	40	A	12246	A	1	1	1	1	3	3	5	5	5	1	6	6	
TRNS2	40	T	12246	T	1	1	1	1	3	3	5	5	5	1	6	6	
TRNH	54	A	12191	A	0	0	0	0	6	6	5	5	0	0	12	12	
TRNH	41	T	12178	T	3	0	3	0	3	3	5	3	5	0	9	9	
TRNS1	22	A	7493	T	0	0	0	6	0	6	5	5	0	11	1	11	
TRNY	40	G	5852	C	2	4	0	2	0	4	5	12	0	5	0	12	
TRNY	41	A	5851	T	2	2	0	4	0	4	5	5	0	12	0	12	
TRNC	14	A	5813	T	1	1	5	0	0	5	5	5	12	0	0	12	
TRNN	59	A	5671	T	0	0	0	6	0	6	5	5	0	12	0	12	
TRNA	23	A	5633	T	0	0	0	6	0	6	5	5	0	12	0	12	
TRNA	54	A	5602	T	0	0	0	6	0	6	5	5	0	12	0	12	
TRNW	43	T	5554	T	1	0	1	0	5	5	5	4	5	0	8	8	
TRNM	51	C	4452	C	1	0	5	0	1	5	5	0	12	0	5	12	
TRNQ	15	T	4386	A	0	6	0	0	0	6	5	12	5	0	0	12	
TRNQ	37	A	4364	T	0	0	0	6	0	6	5	5	0	12	0	12	
TRNI	22	A	4284	A	2	2	0	4	0	4	5	5	0	12	0	12	
TRNV	52	A	1653	A	0	0	6	0	0	6	5	5	9	0	1	9	
TRNV	51	T	1652	T	2	0	2	0	4	4	5	2	5	0	8	8	
TRNF	54	T	630	T	2	0	2	0	4	4	5	1	5	0	9	9	
TRNF	45	C	621	C	5	1	0	0	5	5	5	12	0	0	5	12	
TRNF	18	T	594	T	0	2	0	0	4	4	5	6	5	0	4	6	
TRNP	16	G	16008	C	0	6	0	0	0	6	4	8	2	4	0	8	
TRNP	42	C	15982	G	1	0	5	0	1	5	4	2	10	1	4	10	
TRNP	54	T	15970	A	1	2	1	3	0	3	4	2	4	11	0	11	
TRNT	24	C	15911	C	0	5	0	1	0	5	4	11	1	1	4	11	
TRNT	18	A	15905	A	2	2	3	0	1	3	4	4	9	0	4	9	
TRNT	18	C	15905	C	1	2	3	0	1	3	4	4	9	0	4	9	
TRNE	16	G	14727	C	2	4	0	2	0	4	4	11	2	4	0	11	
TRNE	53	A	14690	T	0	0	4	0	2	4	4	4	6	5	2	6	
TRNE	69	G	14674	C	1	5	0	1	0	5	4	10	3	4	0	10	
TRNL2	25	G	12290	G	1	3	0	1	2	3	4	11	0	4	2	11	
TRNS2	33	T	12239	T	0	0	0	0	6	6	4	0	4	0	13	13	
TRNS2	32	T	12238	T	1	0	1	0	5	5	4	2	4	0	11	11	
TRNH	56	C	12193	C	0	6	0	0	0	6	4	12	0	1	4	12	
TRNH	16	T	12153	T	0	0	0	0	6	6	4	3	4	0	10	10	
TRNR	17	T	10421	T	1	0	1	0	5	5	4	1	4	0	11	11	
TRNG	16	G	10006	G	3	2	1	3	0	3	4	4	3	4	6	6	
TRNK	56	C	8350	C	2	4	0	0	2	4	4	6	0	0	4	6	
TRNK	54	C	8348	C	0	4	0	2	0	4	4	8	1	2	4	8	
TRNK	14	T	8308	T	0	6	0	0	0	6	4	10	4	1	1	10	
TRND	54	C	7571	C	1	5	0	0	1	5	4	12	1	0	4	12	
TRND	52	C	7569	C	0	6	0	0	0	6	4	12	0	1	4	12	
TRNS1	55	C	7460	G	0	0	6	0	0	6	4	1	12	0	4	12	
TRNY	17	T	5875	A	2	1	2	3	0	3	4	3	4	3	0	4	
TRNY	50	C	5842	G	1	0	5	0	1	5	4	1	9	3	4	9	
TRNC	52	T	5775	A	0	4	0	2	0	4	4	10	4	2	1	10	
TRNN	48	C	5682	G	0	0	6	0	0	6	4	0	13	0	4	13	
TRNN	54	G	5676	C	0	0	6	0	0	6	4	0	13	4	0	13	
TRNN	58	G	5672	C	0	6	0	0	0	6	4	13	0	4	0	13	
TRNA	55	T	5601	A	0	0	0	6	0	6	4	2	4	11	0	11	
TRNW	53	A	5564	A	0	0	0	0	6	6	4	4	4	1	8	8	
TRNW	53	T	5564	T	0	0	0	0	6	6	4	4	4	1	8	8	
TRNW	46	C	5557	C	3	0	3	0	3	3	4	2	11	0	4	11	
TRNW	43	A	5554	A	0	0	1	0	5	5	4	4	5	0	8	8	
TRNW	19	A	5530	A	0	0	1	0	5	5	4	4	3	0	9	9	
TRNM	17	C	4418	C	0	0	6	0	0	6	4	0	13	0	4	13	
TRNQ	8	T	4393	A	0	0	0	6	0	6	4	2	4	11	0	11	
TRNQ	38	G	4363	C	0	6	0	0	0	6	4	13	0	4	0	13	
TRNV	31	C	1632	C	0	0	6	0	0	6	4	0	13	0	4	13	
TRNL1	39	G	38	G	0	6	0	0	0	6	4	13	0	4	0	13	
TRNP	24	T	16000	A	0	1	0	2	3	3	3	1	3	10	3	10	
TRNP	36	G	15988	C	2	0	4	2	0	4	3	0	14	3	0	14	
TRNP	53	G	15971	C	0	6	0	0	0	6	3	11	1	3	0	11	
TRNT	52	T	15939	T	2	0	2	0	4	4	3	3	3	2	5	5	
TRNT	52	A	15939	A	0	0	2	0	4	4	3	3	3	2	5	5	
TRNE	34	G	14709	C	0	6	0	0	0	6	3	14	0	3	0	14	
TRNE	51	C	14692	G	2	0	4	0	2	4	3	0	14	0	3	14	
TRNE	55	A	14688	T	0	0	0	6	0	6	3	3	1	13	0	13	
TRNE	69	T	14674	A	0	5	0	1	0	5	3	10	3	4	0	10	
TRNL2	20	C	12285	C	1	0	5	0	1	5	3	3	11	0	3	11	
TRNL2	20	A	12285	A	0	0	5	0	1	5	3	3	11	0	3	11	
TRNL2	16	A	12281	A	0	0	0	0	6	6	3	3	1	1	12	12	
TRNS2	31	T	12237	T	2	0	2	0	2	2	3	3	3	0	9	9	
TRNS2	31	A	12237	A	0	0	2	0	2	2	3	3	3	0	9	9	
TRNS2	9	A	12215	A	0	0	6	0	0	6	3	3	11	0	2	11	
TRNH	42	C	12179	C	0	6	0	0	0	6	3	12	2	0	3	12	
TRNH	41	A	12178	A	0	0	3	0	3	3	3	3	5	0	9	9	
TRNH	16	A	12153	A	0	0	0	0	6	6	3	3	4	0	10	10	
TRNR	52	G	10456	G	2	4	0	2	0	4	3	11	1	3	1	11	
TRNG	53	A	10043	A	0	0	1	0	5	5	3	3	2	0	10	10	
TRNG	42	G	10032	G	0	6	0	0	0	6	3	14	0	3	0	14	
TRNG	41	A	10031	A	0	0	4	0	2	4	3	3	8	0	6	8	
TRNG	16	T	10006	T	1	2	1	3	0	3	3	4	3	4	6	6	
TRNK	57	A	8351	A	0	0	1	0	5	5	3	3	1	0	6	6	
TRNK	55	A	8349	A	0	0	0	0	6	6	3	3	3	1	8	8	
TRNK	55	T	8349	T	0	0	0	0	6	6	3	3	3	1	8	8	
TRNK	51	T	8345	T	2	0	2	0	4	4	3	3	3	0	9	9	
TRNK	51	A	8345	A	0	0	2	0	4	4	3	3	3	0	9	9	
TRNK	50	T	8344	T	0	6	0	0	0	6	3	10	3	0	2	10	
TRNK	49	G	8343	G	2	3	1	2	0	3	3	6	3	3	3	6	
TRNK	49	T	8343	T	1	3	1	2	0	3	3	6	3	3	3	6	
TRNK	49	C	8343	C	0	3	1	2	0	3	3	6	3	3	3	6	
TRNK	43	G	8337	G	0	0	6	0	0	6	3	2	10	3	2	10	
TRNK	21	G	8315	G	1	5	0	1	0	5	3	14	0	3	0	14	
TRNK	16	A	8310	A	0	0	1	0	5	5	3	3	5	0	7	7	
TRNK	8	C	8302	C	0	6	0	0	0	6	3	11	2	1	3	11	
TRNS1	53	A	7462	T	0	0	0	6	0	6	3	3	0	14	0	14	
TRNY	17	A	5875	T	1	1	2	3	0	3	3	3	4	3	0	4	
TRNY	43	T	5849	A	0	0	0	0	6	6	3	0	3	0	14	14	
TRNY	50	G	5842	C	0	0	5	0	1	5	3	1	9	3	4	9	
TRNC	9	A	5818	T	0	0	0	6	0	6	3	3	0	14	0	14	
TRNC	16	G	5811	C	2	0	4	2	0	4	3	3	11	3	0	11	
TRNC	16	A	5811	T	0	0	4	2	0	4	3	3	11	3	0	11	
TRNC	49	A	5778	T	0	0	6	0	0	6	3	3	14	0	0	14	
TRNN	18	T	5712	A	0	6	0	0	0	6	3	11	3	2	1	11	
TRNN	19	C	5711	G	2	0	4	0	2	4	3	3	11	0	3	11	
TRNN	19	A	5711	T	0	0	4	0	2	4	3	3	11	0	3	11	
TRNN	60	G	5670	C	0	0	6	0	0	6	3	0	14	3	0	14	
TRNA	50	A	5606	T	0	0	0	6	0	6	3	3	0	14	0	14	
TRNA	53	A	5603	T	0	0	0	6	0	6	3	3	2	12	0	12	
TRNA	56	C	5600	G	1	0	5	0	1	5	3	0	10	3	3	10	
TRNA	56	G	5600	C	0	0	5	0	1	5	3	0	10	3	3	10	
TRNW	25	G	5536	G	0	6	0	0	0	6	3	14	0	3	0	14	
TRNW	19	T	5530	T	1	0	1	0	5	5	3	4	3	0	9	9	
TRNQ	9	A	4392	T	0	0	0	6	0	6	3	3	1	13	0	13	
TRNQ	32	G	4369	C	0	0	6	0	0	6	3	2	11	3	1	11	
TRNQ	45	A	4356	T	0	0	0	6	0	6	3	3	0	14	0	14	
TRNQ	58	C	4343	G	2	0	4	0	2	4	3	0	12	2	3	12	
TRNQ	59	A	4342	T	0	0	6	0	0	6	3	3	9	2	3	9	
TRNQ	59	C	4342	G	0	0	6	0	0	6	3	3	9	2	3	9	
TRNI	53	C	4315	C	0	6	0	0	0	6	3	11	2	1	3	11	
TRNI	41	A	4303	A	2	2	4	0	0	4	3	3	11	1	2	11	
TRNV	54	C	1655	C	0	6	0	0	0	6	3	9	2	0	3	9	
TRNV	53	A	1654	A	0	0	1	0	5	5	3	3	4	0	8	8	
TRNV	17	C	1618	C	0	6	0	0	0	6	3	12	2	0	3	12	
TRNF	56	A	632	A	0	0	1	0	5	5	3	3	1	0	11	11	
TRNF	55	T	631	T	0	6	0	0	0	6	3	8	3	3	0	8	
TRNF	55	G	631	G	0	6	0	0	0	6	3	8	3	3	0	8	
TRNF	19	T	595	T	2	0	2	0	4	4	3	0	3	0	13	13	
TRNF	17	A	593	A	0	0	3	0	3	3	3	3	6	1	6	6	
TRNL1	62	C	61	C	0	0	6	0	0	6	3	0	14	0	3	14	
TRNL1	34	T	33	T	2	0	2	0	4	4	3	0	3	0	14	14	
TRNP	16	T	16008	A	0	6	0	0	0	6	2	8	2	4	0	8	
TRNP	17	G	16007	C	0	0	6	0	0	6	2	1	11	2	1	11	
TRNP	42	A	15982	T	0	0	5	0	1	5	2	2	10	1	4	10	
TRNT	66	C	15953	C	0	6	0	0	0	6	2	15	0	0	2	15	patho
TRNT	53	A	15940	A	0	0	4	0	2	4	2	2	7	0	5	7	
TRNT	52	G	15939	G	0	0	2	0	4	4	2	3	3	2	5	5	
TRNT	16	G	15903	G	1	5	0	1	0	5	2	10	0	2	1	10	
TRNE	15	G	14728	C	2	4	0	2	0	4	2	15	0	2	0	15	
TRNE	16	T	14727	A	0	4	0	2	0	4	2	11	2	4	0	11	
TRNE	53	C	14690	G	2	0	4	0	2	4	2	4	6	5	2	6	
TRNE	54	G	14689	C	1	5	0	1	0	5	2	15	0	2	0	15	
TRNL2	46	C	12311	C	0	0	6	0	0	6	2	0	11	0	2	11	
TRNL2	25	C	12290	C	2	3	0	1	2	3	2	11	0	4	2	11	
TRNL2	14	G	12279	G	0	6	0	0	0	6	2	15	0	2	0	15	patho
TRNS2	46	T	12252	T	0	6	0	0	0	6	2	12	2	1	2	12	
TRNS2	46	C	12252	C	0	6	0	0	0	6	2	12	2	1	2	12	
TRNS2	44	T	12250	T	0	0	0	0	6	6	2	5	2	0	9	9	
TRNS2	32	A	12238	A	0	0	1	0	5	5	2	2	4	0	11	11	
TRNS2	9	C	12215	C	0	0	6	0	0	6	2	3	11	0	2	11	
TRNS2	8	A	12214	A	0	0	0	0	6	6	2	2	0	0	12	12	
TRNH	50	A	12187	A	0	0	0	0	5	5	2	2	0	0	12	12	
TRNH	42	T	12179	T	0	6	0	0	0	6	2	12	2	0	3	12	
TRNH	29	C	12166	C	0	0	6	0	0	6	2	0	15	0	2	15	patho
TRNH	23	G	12160	G	0	6	0	0	0	6	2	15	0	2	0	15	patho
TRNR	44	C	10448	C	0	0	6	0	0	6	2	0	15	0	2	15	patho
TRNR	16	C	10420	C	0	6	0	0	0	6	2	13	0	1	2	13	
TRNG	55	A	10045	A	0	0	3	0	3	3	2	2	9	0	6	9	
TRNG	54	G	10044	G	1	5	0	1	0	5	2	13	2	2	0	13	
TRNG	54	T	10044	T	0	5	0	1	0	5	2	13	2	2	0	13	
TRNG	53	T	10043	T	1	0	1	0	5	5	2	3	2	0	10	10	
TRNK	54	G	8348	G	2	4	0	2	0	4	2	8	1	2	4	8	
TRNK	53	G	8347	G	2	4	0	2	0	4	2	11	2	2	0	11	
TRNK	53	T	8347	T	0	4	0	2	0	4	2	11	2	2	0	11	
TRNK	52	T	8346	T	0	0	0	0	6	6	2	1	2	2	10	10	
TRNK	52	G	8346	G	0	0	0	0	6	6	2	1	2	2	10	10	
TRNK	50	C	8344	C	0	6	0	0	0	6	2	10	3	0	2	10	
TRNK	43	A	8337	A	0	0	6	0	0	6	2	2	10	3	2	10	
TRNK	43	C	8337	C	0	0	6	0	0	6	2	2	10	3	2	10	
TRNK	8	T	8302	T	0	6	0	0	0	6	2	11	2	1	3	11	
TRND	68	T	7585	T	0	6	0	0	0	6	2	13	2	0	2	13	
TRND	68	C	7585	C	0	6	0	0	0	6	2	13	2	0	2	13	
TRND	50	A	7567	A	0	0	4	0	2	4	2	2	9	0	3	9	
TRND	42	G	7559	G	1	5	0	1	0	5	2	14	1	2	0	14	
TRND	23	G	7540	G	1	5	0	1	0	5	2	15	0	2	0	15	
TRND	17	A	7534	A	0	0	3	0	3	3	2	2	7	0	8	8	
TRND	16	A	7533	A	0	0	0	0	6	6	2	2	7	0	8	8	
TRNS1	13	A	7502	T	1	1	0	5	0	5	2	2	0	15	0	15	
TRNS1	14	T	7501	A	0	4	0	2	0	4	2	7	2	7	0	7	
TRNS1	23	A	7492	T	0	0	0	6	0	6	2	2	0	15	0	15	patho
TRNS1	44	T	7471	A	0	4	0	2	0	4	2	12	2	3	0	12	
TRNY	15	A	5877	T	0	0	0	6	0	6	2	2	0	14	0	14	
TRNY	49	A	5843	T	0	0	5	0	1	5	2	2	14	0	1	14	
TRNY	51	G	5841	C	1	3	0	1	0	3	2	5	6	2	0	6	
TRNC	15	A	5812	T	0	0	6	0	0	6	2	2	15	0	0	15	patho
TRNC	33	G	5794	C	0	6	0	0	0	6	2	15	0	2	0	15	patho
TRNC	50	T	5777	A	0	2	0	0	4	4	2	6	2	1	8	8	
TRNC	51	G	5776	C	0	6	0	0	0	6	2	13	0	2	2	13	
TRNC	51	C	5776	G	0	6	0	0	0	6	2	13	0	2	2	13	
TRNC	52	G	5775	C	2	4	0	2	0	4	2	10	4	2	1	10	
TRNC	53	G	5774	C	2	4	0	2	0	4	2	4	10	2	1	10	
TRNN	14	A	5716	T	2	2	0	4	0	4	2	2	0	15	0	15	
TRNN	18	G	5712	C	0	6	0	0	0	6	2	11	3	2	1	11	
TRNN	21	G	5709	C	0	6	0	0	0	6	2	15	0	2	0	15	patho
TRNN	26	T	5704	A	0	0	0	6	0	6	2	6	2	9	0	9	
TRNN	44	G	5686	C	0	0	6	0	0	6	2	0	15	2	0	15	patho
TRNN	56	C	5674	G	0	0	6	0	0	6	2	1	14	0	2	14	
TRNA	34	A	5622	T	0	0	0	6	0	6	2	2	0	15	0	15	patho
TRNA	51	C	5605	G	1	0	5	0	1	5	2	0	14	0	2	14	
TRNA	53	T	5603	A	0	0	0	6	0	6	2	3	2	12	0	12	
TRNA	55	A	5601	T	0	0	0	6	0	6	2	2	4	11	0	11	
TRNW	55	G	5566	G	2	4	0	2	0	4	2	12	2	2	1	12	
TRNW	55	T	5566	T	0	4	0	2	0	4	2	12	2	2	1	12	
TRNW	54	T	5565	T	0	6	0	0	0	6	2	12	2	0	2	12	
TRNW	54	C	5565	C	0	6	0	0	0	6	2	12	2	0	2	12	
TRNW	46	A	5557	A	0	0	3	0	3	3	2	2	11	0	4	11	
TRNW	18	C	5529	C	0	6	0	0	0	6	2	13	0	1	2	13	
TRNW	17	A	5528	A	0	0	1	0	5	5	2	2	4	0	11	11	
TRNM	53	A	4454	A	0	0	3	0	3	3	2	2	9	0	6	9	
TRNQ	8	A	4393	T	0	0	0	6	0	6	2	2	4	11	0	11	
TRNQ	16	C	4385	G	1	0	5	0	1	5	2	0	11	2	2	11	
TRNQ	16	G	4385	C	0	0	5	0	1	5	2	0	11	2	2	11	
TRNQ	32	A	4369	T	0	0	6	0	0	6	2	2	11	3	1	11	
TRNQ	58	G	4343	C	0	0	4	0	2	4	2	0	12	2	3	12	
TRNQ	59	G	4342	C	0	0	6	0	0	6	2	3	9	2	3	9	
TRNI	55	G	4317	G	0	6	0	0	0	6	2	15	0	2	0	15	patho
TRNI	53	T	4315	T	0	6	0	0	0	6	2	11	2	1	3	11	
TRNI	51	G	4313	G	0	0	4	0	2	4	2	0	8	2	7	8	
TRNI	41	C	4303	C	0	2	4	0	0	4	2	3	11	1	2	11	
TRNV	56	A	1657	A	0	0	0	0	6	6	2	2	1	0	14	14	
TRNV	54	T	1655	T	0	6	0	0	0	6	2	9	2	0	3	9	
TRNV	51	A	1652	A	0	0	2	0	4	4	2	2	5	0	8	8	
TRNV	43	A	1644	A	0	0	0	6	0	6	2	2	0	15	0	15	patho
TRNV	18	A	1619	A	0	0	2	0	4	4	2	2	6	0	9	9	
TRNV	17	T	1618	T	0	6	0	0	0	6	2	12	2	0	3	12	
TRNF	57	C	633	C	0	6	0	0	0	6	2	12	0	0	2	12	
TRNF	21	T	597	T	1	0	1	0	5	5	2	1	2	0	11	11	
TRNF	16	T	592	T	0	0	0	0	6	6	2	6	2	0	9	9	
TRNF	15	T	591	T	2	0	2	0	4	4	2	9	2	1	5	9	
TRNL1	49	C	48	C	0	0	6	0	0	6	2	1	14	0	2	14	
TRNL1	48	C	47	C	0	2	0	4	0	4	2	9	1	5	2	9	
TRNL1	46	A	45	A	0	0	1	0	5	5	2	2	8	0	7	8	
TRNL1	40	G	39	G	2	4	0	2	0	4	2	15	0	2	0	15	
TRNP	15	T	16009	A	0	6	0	0	0	6	1	16	1	0	0	16	patho
TRNP	17	A	16007	T	0	0	6	0	0	6	1	1	11	2	1	11	
TRNP	17	C	16007	G	0	0	6	0	0	6	1	1	11	2	1	11	
TRNP	18	G	16006	C	0	0	6	0	0	6	1	0	16	1	0	16	patho
TRNP	24	A	16000	T	1	1	0	2	3	3	1	1	3	10	3	10	
TRNP	42	G	15982	C	0	0	5	0	1	5	1	2	10	1	4	10	
TRNP	45	C	15979	G	0	0	6	0	0	6	1	0	16	0	1	16	patho
TRNP	51	C	15973	G	1	0	5	0	1	5	1	1	14	1	1	14	
TRNP	51	A	15973	T	0	0	5	0	1	5	1	1	14	1	1	14	
TRNP	51	G	15973	C	0	0	5	0	1	5	1	1	14	1	1	14	
TRNP	52	T	15972	A	0	5	0	1	0	5	1	10	1	5	1	10	
TRNP	52	C	15972	G	0	5	0	1	0	5	1	10	1	5	1	10	
TRNP	53	T	15971	A	0	6	0	0	0	6	1	11	1	3	0	11	
TRNP	55	A	15969	T	0	0	3	3	0	3	1	1	11	4	0	11	
TRNT	51	A	15938	A	0	0	0	0	6	6	1	1	0	0	10	10	
TRNT	45	A	15932	A	0	0	2	0	4	4	1	1	10	0	6	10	
TRNT	44	C	15931	C	0	6	0	0	0	6	1	16	0	0	1	16	patho
TRNT	43	C	15930	C	0	5	0	1	0	5	1	14	0	2	1	14	
TRNT	24	G	15911	G	1	5	0	1	0	5	1	11	1	1	4	11	
TRNT	24	T	15911	T	0	5	0	1	0	5	1	11	1	1	4	11	
TRNT	17	A	15904	A	0	0	2	0	4	4	1	1	6	0	9	9	
TRNT	16	C	15903	C	0	5	0	1	0	5	1	10	0	2	1	10	
TRNT	15	G	15902	G	1	5	0	1	0	5	1	14	1	1	1	14	
TRNT	15	T	15902	T	0	5	0	1	0	5	1	14	1	1	1	14	
TRNT	15	C	15902	C	0	5	0	1	0	5	1	14	1	1	1	14	
TRNE	17	A	14726	T	0	0	6	0	0	6	1	1	15	0	1	15	patho
TRNE	17	C	14726	G	0	0	6	0	0	6	1	1	15	0	1	15	patho
TRNE	35	G	14708	C	0	0	6	0	0	6	1	0	16	1	0	16	patho
TRNE	41	A	14702	T	0	0	6	0	0	6	1	1	16	0	0	16	patho
TRNE	43	A	14700	T	0	0	0	6	0	6	1	1	0	16	0	16	patho
TRNE	52	T	14691	A	0	2	0	4	0	4	1	7	1	8	0	8	
TRNE	55	T	14688	A	0	0	0	6	0	6	1	3	1	13	0	13	
TRNE	56	C	14687	G	0	0	6	0	0	6	1	0	16	0	1	16	patho
TRNL2	19	A	12284	A	0	0	1	0	5	5	1	1	5	0	11	11	
TRNL2	16	T	12281	T	0	0	0	0	6	6	1	3	1	1	12	12	
TRNL2	16	G	12281	G	0	0	0	0	6	6	1	3	1	1	12	12	
TRNS2	46	G	12252	G	0	6	0	0	0	6	1	12	2	1	2	12	
TRNS2	40	G	12246	G	1	1	1	1	3	3	1	5	5	1	6	6	
TRNS2	19	C	12225	C	0	0	6	0	0	6	1	0	16	0	1	16	patho
TRNS2	18	T	12224	T	0	0	0	0	6	6	1	0	1	0	16	16	patho
TRNH	56	G	12193	G	0	6	0	0	0	6	1	12	0	1	4	12	
TRNH	53	T	12190	T	0	6	0	0	0	6	1	15	1	1	0	15	
TRNH	53	G	12190	G	0	6	0	0	0	6	1	15	1	1	0	15	
TRNH	35	G	12172	G	0	6	0	0	0	6	1	16	0	1	0	16	
TRNH	17	A	12154	A	0	0	0	0	6	6	1	1	6	0	9	9	
TRNR	65	T	10469	T	0	6	0	0	0	6	1	16	1	0	0	16	
TRNR	52	T	10456	T	0	4	0	2	0	4	1	11	1	3	1	11	
TRNR	52	C	10456	C	0	4	0	2	0	4	1	11	1	3	1	11	
TRNR	51	C	10455	C	0	4	0	0	0	4	1	5	0	0	1	5	
TRNR	50	A	10454	A	0	0	4	0	2	4	1	1	8	0	7	8	
TRNR	43	G	10447	G	0	6	0	0	0	6	1	16	0	1	0	16	
TRNR	41	G	10445	G	0	6	0	0	0	6	1	16	0	1	0	16	
TRNR	17	A	10421	A	0	0	1	0	5	5	1	1	4	0	11	11	
TRNR	16	G	10420	G	0	6	0	0	0	6	1	13	0	1	2	13	
TRNG	52	G	10042	G	1	5	0	1	0	5	1	16	0	1	0	16	
TRNG	51	G	10041	G	0	6	0	0	0	6	1	14	0	1	1	14	
TRNG	51	C	10041	C	0	6	0	0	0	6	1	14	0	1	1	14	
TRNG	44	A	10034	A	0	0	6	0	0	6	1	1	9	0	7	9	
TRNG	43	A	10033	A	0	0	0	6	0	6	1	1	0	16	0	16	
TRNG	23	T	10013	T	0	0	0	0	6	6	1	10	1	0	6	10	
TRNG	17	A	10007	A	0	0	3	0	3	3	1	1	8	0	8	8	
TRNG	15	G	10005	G	0	6	0	0	0	6	1	15	0	1	1	15	
TRNG	15	C	10005	C	0	6	0	0	0	6	1	15	0	1	1	15	
TRNK	70	G	8364	G	0	6	0	0	0	6	1	16	0	1	0	16	
TRNK	57	T	8351	T	1	0	1	0	5	5	1	3	1	0	6	6	
TRNK	55	G	8349	G	0	0	0	0	6	6	1	3	3	1	8	8	
TRNK	54	T	8348	T	0	4	0	2	0	4	1	8	1	2	4	8	
TRNK	52	A	8346	A	0	0	0	0	6	6	1	1	2	2	10	10	
TRNK	15	A	8309	A	0	0	1	0	5	5	1	1	6	0	8	8	
TRNK	14	G	8308	G	0	6	0	0	0	6	1	10	4	1	1	10	
TRNK	14	C	8308	C	0	6	0	0	0	6	1	10	4	1	1	10	
TRNK	8	G	8302	G	0	6	0	0	0	6	1	11	2	1	3	11	
TRND	55	A	7572	A	0	0	1	0	5	5	1	1	3	0	13	13	
TRND	54	T	7571	T	0	5	0	0	1	5	1	12	1	0	4	12	
TRND	53	G	7570	G	1	2	0	1	0	2	1	12	0	1	0	12	
TRND	52	G	7569	G	0	6	0	0	0	6	1	12	0	1	4	12	
TRND	44	C	7561	C	0	0	6	0	0	6	1	0	16	0	1	16	
TRND	42	T	7559	T	0	5	0	1	0	5	1	14	1	2	0	14	
TRND	30	C	7547	C	0	0	6	0	0	6	1	0	16	0	1	16	
TRNS1	8	A	7507	T	0	0	6	0	0	6	1	1	16	0	0	16	
TRNS1	16	T	7499	A	0	0	0	6	0	6	1	0	1	16	0	16	
TRNS1	22	C	7493	G	0	0	0	6	0	6	1	5	0	11	1	11	
TRNS1	41	C	7474	G	0	0	6	0	0	6	1	0	16	0	1	16	
TRNS1	42	C	7473	G	0	0	6	0	0	6	1	0	16	0	1	16	
TRNS1	43	C	7472	G	0	0	6	0	0	6	1	0	16	0	1	16	
TRNS1	55	A	7460	T	0	0	6	0	0	6	1	1	12	0	4	12	
TRNS1	69	A	7446	T	0	0	0	6	0	6	1	1	0	16	0	16	
TRNY	16	A	5876	T	0	0	6	0	0	6	1	1	15	1	0	15	
TRNY	16	G	5876	C	0	0	6	0	0	6	1	1	15	1	0	15	
TRNY	49	C	5843	G	1	0	5	0	1	5	1	2	14	0	1	14	
TRNY	50	A	5842	T	0	0	5	0	1	5	1	1	9	3	4	9	
TRNY	53	C	5839	G	0	1	0	5	0	5	1	8	0	8	1	8	
TRNC	8	T	5819	A	0	6	0	0	0	6	1	16	1	0	0	16	
TRNC	27	C	5800	G	0	0	6	0	0	6	1	0	16	0	1	16	
TRNC	48	C	5779	G	0	0	6	0	0	6	1	0	13	0	1	13	
TRNC	50	G	5777	C	0	2	0	0	4	4	1	6	2	1	8	8	
TRNC	52	C	5775	G	0	4	0	2	0	4	1	10	4	2	1	10	
TRNC	53	C	5774	G	0	4	0	2	0	4	1	4	10	2	1	10	
TRNN	9	G	5721	C	0	6	0	0	0	6	1	16	0	1	0	16	
TRNN	15	C	5715	G	1	0	5	0	1	5	1	0	16	0	1	16	
TRNN	16	C	5714	G	0	0	6	0	0	6	1	0	16	0	1	16	
TRNN	18	C	5712	G	0	6	0	0	0	6	1	11	3	2	1	11	
TRNN	56	A	5674	T	0	0	6	0	0	6	1	1	14	0	2	14	
TRNA	17	G	5639	C	0	0	6	0	0	6	1	0	16	1	0	16	
TRNA	35	C	5621	G	1	0	5	0	1	5	1	0	15	1	1	15	
TRNA	35	G	5621	C	0	0	5	0	1	5	1	0	15	1	1	15	
TRNA	52	T	5604	A	0	1	0	5	0	5	1	7	1	8	0	8	
TRNA	69	G	5587	C	0	6	0	0	0	6	1	16	0	1	0	16	
TRNW	55	C	5566	C	0	4	0	2	0	4	1	12	2	2	1	12	
TRNW	53	G	5564	G	0	0	0	0	6	6	1	4	4	1	8	8	
TRNW	52	T	5563	T	0	5	0	1	0	5	1	12	1	1	1	12	
TRNW	52	C	5563	C	0	5	0	1	0	5	1	12	1	1	1	12	
TRNW	18	G	5529	G	0	6	0	0	0	6	1	13	0	1	2	13	
TRNW	16	G	5527	G	1	3	0	1	0	3	1	11	0	1	0	11	
TRNW	15	T	5526	T	0	5	0	0	0	5	1	12	1	1	0	12	
TRNW	15	G	5526	G	0	5	0	0	0	5	1	12	1	1	0	12	
TRNM	52	C	4453	C	0	6	0	0	0	6	1	16	0	0	1	16	
TRNQ	9	T	4392	A	0	0	0	6	0	6	1	3	1	13	0	13	
TRNQ	32	C	4369	G	0	0	6	0	0	6	1	2	11	3	1	11	
TRNQ	47	T	4354	A	0	0	0	6	0	6	1	6	1	10	0	10	
TRNI	53	G	4315	G	0	6	0	0	0	6	1	11	2	1	3	11	
TRNI	52	A	4314	A	0	0	5	0	1	5	1	1	10	0	6	10	
TRNI	50	A	4312	A	0	0	5	0	1	5	1	1	11	1	4	11	
TRNI	50	G	4312	G	0	0	5	0	1	5	1	1	11	1	4	11	
TRNI	42	T	4304	T	0	6	0	0	0	6	1	15	1	0	1	15	
TRNI	42	C	4304	C	0	6	0	0	0	6	1	15	1	0	1	15	
TRNI	41	G	4303	G	0	2	4	0	0	4	1	3	11	1	2	11	
TRNI	33	G	4295	G	0	6	0	0	0	6	1	16	0	1	0	16	
TRNI	16	G	4278	G	0	6	0	0	0	6	1	16	0	1	0	16	
TRNI	8	C	4270	C	0	0	6	0	0	6	1	0	16	0	1	16	
TRNV	56	T	1657	T	0	0	0	0	6	6	1	2	1	0	14	14	
TRNV	55	G	1656	G	0	6	0	0	0	6	1	13	0	1	0	13	
TRNV	52	C	1653	C	0	0	6	0	0	6	1	5	9	0	1	9	
TRNV	16	T	1617	T	1	0	1	0	5	5	1	1	1	1	8	8	
TRNV	16	A	1617	A	0	0	1	0	5	5	1	1	1	1	8	8	
TRNV	16	G	1617	G	0	0	1	0	5	5	1	1	1	1	8	8	
TRNF	58	C	634	C	0	0	4	0	0	4	1	0	4	0	1	4	
TRNF	56	T	632	T	1	0	1	0	5	5	1	3	1	0	11	11	
TRNF	54	A	630	A	0	0	2	0	4	4	1	1	5	0	9	9	
TRNF	27	G	603	G	0	6	0	0	0	6	1	16	0	1	0	16	
TRNF	21	A	597	A	0	0	1	0	5	5	1	1	2	0	11	11	
TRNF	17	G	593	G	0	0	3	0	3	3	1	3	6	1	6	6	
TRNF	15	G	591	G	0	0	2	0	4	4	1	9	2	1	5	9	
TRNL1	61	A	60	A	0	0	4	0	2	4	1	1	6	0	10	10	
TRNL1	59	G	58	G	0	6	0	0	0	6	1	16	0	1	0	16	
TRNL1	49	A	48	A	0	0	6	0	0	6	1	1	14	0	2	14	
TRNL1	48	T	47	T	0	2	0	4	0	4	1	9	1	5	2	9	
TRNL1	47	T	46	T	0	6	0	0	0	6	1	15	1	1	0	15	
TRNL1	47	G	46	G	0	6	0	0	0	6	1	15	1	1	0	15	
TRNL1	28	C	27	C	0	6	0	0	0	6	1	16	0	0	1	16	
TRNL1	22	C	21	C	0	6	0	0	0	6	1	16	0	0	1	16	
TRNL1	18	T	17	T	0	0	0	0	6	6	1	0	1	0	16	16	
TRNP	8	A	16016	T	0	0	6	0	0	6	0	0	17	0	0	17	patho
TRNP	8	G	16016	C	0	0	6	0	0	6	0	0	17	0	0	17	patho
TRNP	8	C	16016	G	0	0	6	0	0	6	0	0	17	0	0	17	patho
TRNP	9	T	16015	A	0	6	0	0	0	6	0	17	0	0	0	17	patho
TRNP	9	G	16015	C	0	6	0	0	0	6	0	17	0	0	0	17	patho
TRNP	9	C	16015	G	0	6	0	0	0	6	0	17	0	0	0	17	patho
TRNP	14	T	16010	A	0	6	0	0	0	6	0	17	0	0	0	17	patho
TRNP	14	G	16010	C	0	6	0	0	0	6	0	17	0	0	0	17	patho
TRNP	14	C	16010	G	0	6	0	0	0	6	0	17	0	0	0	17	patho
TRNP	15	G	16009	C	0	6	0	0	0	6	0	16	1	0	0	16	patho
TRNP	15	C	16009	G	0	6	0	0	0	6	0	16	1	0	0	16	patho
TRNP	16	C	16008	G	0	6	0	0	0	6	0	8	2	4	0	8	
TRNP	18	A	16006	T	0	0	6	0	0	6	0	0	16	1	0	16	patho
TRNP	18	C	16006	G	0	0	6	0	0	6	0	0	16	1	0	16	patho
TRNP	19	T	16005	A	0	6	0	0	0	6	0	17	0	0	0	17	patho
TRNP	19	G	16005	C	0	6	0	0	0	6	0	17	0	0	0	17	patho
TRNP	19	C	16005	G	0	6	0	0	0	6	0	17	0	0	0	17	patho
TRNP	30	A	15994	T	0	0	6	0	0	6	0	0	17	0	0	17	patho
TRNP	30	G	15994	C	0	0	6	0	0	6	0	0	17	0	0	17	patho
TRNP	30	C	15994	G	0	0	6	0	0	6	0	0	17	0	0	17	patho
TRNP	31	A	15993	T	0	0	6	0	0	6	0	0	17	0	0	17	patho
TRNP	31	G	15993	C	0	0	6	0	0	6	0	0	17	0	0	17	patho
TRNP	31	C	15993	G	0	0	6	0	0	6	0	0	17	0	0	17	patho
TRNP	32	A	15992	T	0	0	6	0	0	6	0	0	17	0	0	17	patho
TRNP	32	G	15992	C	0	0	6	0	0	6	0	0	17	0	0	17	patho
TRNP	32	C	15992	G	0	0	6	0	0	6	0	0	17	0	0	17	patho
TRNP	33	A	15991	T	0	0	0	6	0	6	0	0	0	17	0	17	patho
TRNP	33	T	15991	A	0	0	0	6	0	6	0	0	0	17	0	17	patho
TRNP	33	C	15991	G	0	0	0	6	0	6	0	0	0	17	0	17	patho
TRNP	34	A	15990	T	0	0	0	6	0	6	0	0	0	17	0	17	patho
TRNP	34	T	15990	A	0	0	0	6	0	6	0	0	0	17	0	17	patho
TRNP	34	C	15990	G	0	0	0	6	0	6	0	0	0	17	0	17	patho
TRNP	35	A	15989	T	0	0	0	6	0	6	0	0	0	17	0	17	patho
TRNP	35	T	15989	A	0	0	0	6	0	6	0	0	0	17	0	17	patho
TRNP	35	C	15989	G	0	0	0	6	0	6	0	0	0	17	0	17	patho
TRNP	36	A	15988	T	0	0	4	2	0	4	0	0	14	3	0	14	
TRNP	36	C	15988	G	0	0	4	2	0	4	0	0	14	3	0	14	
TRNP	43	A	15981	T	0	0	0	6	0	6	0	0	0	17	0	17	patho
TRNP	43	T	15981	A	0	0	0	6	0	6	0	0	0	17	0	17	patho
TRNP	43	C	15981	G	0	0	0	6	0	6	0	0	0	17	0	17	patho
TRNP	44	A	15980	T	0	0	0	6	0	6	0	0	0	17	0	17	patho
TRNP	44	T	15980	A	0	0	0	6	0	6	0	0	0	17	0	17	patho
TRNP	44	C	15980	G	0	0	0	6	0	6	0	0	0	17	0	17	patho
TRNP	45	A	15979	T	0	0	6	0	0	6	0	0	16	0	1	16	patho
TRNP	45	G	15979	C	0	0	6	0	0	6	0	0	16	0	1	16	patho
TRNP	53	C	15971	G	0	6	0	0	0	6	0	11	1	3	0	11	
TRNP	54	C	15970	G	0	2	1	3	0	3	0	2	4	11	0	11	
TRNP	55	C	15969	G	0	0	3	3	0	3	0	1	11	4	0	11	
TRNP	68	T	15956	A	0	6	0	0	0	6	0	17	0	0	0	17	patho
TRNP	68	G	15956	C	0	6	0	0	0	6	0	17	0	0	0	17	patho
TRNP	68	C	15956	G	0	6	0	0	0	6	0	17	0	0	0	17	patho
TRNT	66	T	15953	T	0	6	0	0	0	6	0	15	0	0	2	15	patho
TRNT	66	G	15953	G	0	6	0	0	0	6	0	15	0	0	2	15	patho
TRNT	53	G	15940	G	0	0	4	0	2	4	0	2	7	0	5	7	
TRNT	51	T	15938	T	0	0	0	0	6	6	0	1	0	0	10	10	
TRNT	51	G	15938	G	0	0	0	0	6	6	0	1	0	0	10	10	
TRNT	45	G	15932	G	0	0	2	0	4	4	0	1	10	0	6	10	
TRNT	44	T	15931	T	0	6	0	0	0	6	0	16	0	0	1	16	patho
TRNT	44	G	15931	G	0	6	0	0	0	6	0	16	0	0	1	16	patho
TRNT	43	T	15930	T	0	5	0	1	0	5	0	14	0	2	1	14	
TRNT	42	T	15929	T	0	6	0	0	0	6	0	17	0	0	0	17	patho
TRNT	42	G	15929	G	0	6	0	0	0	6	0	17	0	0	0	17	patho
TRNT	42	C	15929	C	0	6	0	0	0	6	0	17	0	0	0	17	patho
TRNT	36	T	15923	T	0	6	0	0	0	6	0	17	0	0	0	17	patho
TRNT	36	G	15923	G	0	6	0	0	0	6	0	17	0	0	0	17	patho
TRNT	36	C	15923	C	0	6	0	0	0	6	0	17	0	0	0	17	patho
TRNT	35	T	15922	T	0	6	0	0	0	6	0	17	0	0	0	17	patho
TRNT	35	G	15922	G	0	6	0	0	0	6	0	17	0	0	0	17	patho
TRNT	35	C	15922	C	0	6	0	0	0	6	0	17	0	0	0	17	patho
TRNT	34	A	15921	A	0	0	6	0	0	6	0	0	17	0	0	17	patho
TRNT	34	G	15921	G	0	0	6	0	0	6	0	0	17	0	0	17	patho
TRNT	34	C	15921	C	0	0	6	0	0	6	0	0	17	0	0	17	patho
TRNT	33	A	15920	A	0	0	0	6	0	6	0	0	0	17	0	17	patho
TRNT	33	T	15920	T	0	0	0	6	0	6	0	0	0	17	0	17	patho
TRNT	33	C	15920	C	0	0	0	6	0	6	0	0	0	17	0	17	patho
TRNT	32	A	15919	A	0	0	6	0	0	6	0	0	17	0	0	17	patho
TRNT	32	G	15919	G	0	0	6	0	0	6	0	0	17	0	0	17	patho
TRNT	32	C	15919	C	0	0	6	0	0	6	0	0	17	0	0	17	patho
TRNT	31	A	15918	A	0	0	6	0	0	6	0	0	17	0	0	17	patho
TRNT	31	G	15918	G	0	0	6	0	0	6	0	0	17	0	0	17	patho
TRNT	31	C	15918	C	0	0	6	0	0	6	0	0	17	0	0	17	patho
TRNT	30	A	15917	A	0	0	0	0	6	6	0	0	0	0	17	17	patho
TRNT	30	T	15917	T	0	0	0	0	6	6	0	0	0	0	17	17	patho
TRNT	30	G	15917	G	0	0	0	0	6	6	0	0	0	0	17	17	patho
TRNT	19	T	15906	T	0	6	0	0	0	6	0	17	0	0	0	17	patho
TRNT	19	G	15906	G	0	6	0	0	0	6	0	17	0	0	0	17	patho
TRNT	19	C	15906	C	0	6	0	0	0	6	0	17	0	0	0	17	patho
TRNT	18	G	15905	G	0	2	3	0	1	3	0	4	9	0	4	9	
TRNT	17	G	15904	G	0	0	2	0	4	4	0	1	6	0	9	9	
TRNT	16	T	15903	T	0	5	0	1	0	5	0	10	0	2	1	10	
TRNT	14	T	15901	T	0	6	0	0	0	6	0	17	0	0	0	17	patho
TRNT	14	G	15901	G	0	6	0	0	0	6	0	17	0	0	0	17	patho
TRNT	14	C	15901	C	0	6	0	0	0	6	0	17	0	0	0	17	patho
TRNT	9	T	15896	T	0	6	0	0	0	6	0	17	0	0	0	17	patho
TRNT	9	G	15896	G	0	6	0	0	0	6	0	17	0	0	0	17	patho
TRNT	9	C	15896	C	0	6	0	0	0	6	0	17	0	0	0	17	patho
TRNT	8	A	15895	A	0	0	6	0	0	6	0	0	17	0	0	17	patho
TRNT	8	G	15895	G	0	0	6	0	0	6	0	0	17	0	0	17	patho
TRNT	8	C	15895	C	0	0	6	0	0	6	0	0	17	0	0	17	patho
TRNE	8	A	14735	T	0	0	6	0	0	6	0	0	17	0	0	17	patho
TRNE	8	G	14735	C	0	0	6	0	0	6	0	0	17	0	0	17	patho
TRNE	8	C	14735	G	0	0	6	0	0	6	0	0	17	0	0	17	patho
TRNE	9	T	14734	A	0	6	0	0	0	6	0	17	0	0	0	17	patho
TRNE	9	G	14734	C	0	6	0	0	0	6	0	17	0	0	0	17	patho
TRNE	9	C	14734	G	0	6	0	0	0	6	0	17	0	0	0	17	patho
TRNE	14	T	14729	A	0	6	0	0	0	6	0	17	0	0	0	17	patho
TRNE	14	G	14729	C	0	6	0	0	0	6	0	17	0	0	0	17	patho
TRNE	14	C	14729	G	0	6	0	0	0	6	0	17	0	0	0	17	patho
TRNE	15	T	14728	A	0	4	0	2	0	4	0	15	0	2	0	15	patho
TRNE	15	C	14728	G	0	4	0	2	0	4	0	15	0	2	0	15	patho
TRNE	16	C	14727	G	0	4	0	2	0	4	0	11	2	4	0	11	
TRNE	17	G	14726	C	0	0	6	0	0	6	0	1	15	0	1	15	patho
TRNE	18	T	14725	A	0	6	0	0	0	6	0	17	0	0	0	17	patho
TRNE	18	G	14725	C	0	6	0	0	0	6	0	17	0	0	0	17	patho
TRNE	18	C	14725	G	0	6	0	0	0	6	0	17	0	0	0	17	patho
TRNE	23	A	14720	T	0	0	0	6	0	6	0	0	0	17	0	17	patho
TRNE	23	T	14720	A	0	0	0	6	0	6	0	0	0	17	0	17	patho
TRNE	23	C	14720	G	0	0	0	6	0	6	0	0	0	17	0	17	patho
TRNE	29	A	14714	T	0	0	6	0	0	6	0	0	17	0	0	17	patho
TRNE	29	G	14714	C	0	0	6	0	0	6	0	0	17	0	0	17	patho
TRNE	29	C	14714	G	0	0	6	0	0	6	0	0	17	0	0	17	patho
TRNE	30	A	14713	T	0	0	6	0	0	6	0	0	17	0	0	17	patho
TRNE	30	G	14713	C	0	0	6	0	0	6	0	0	17	0	0	17	patho
TRNE	30	C	14713	G	0	0	6	0	0	6	0	0	17	0	0	17	patho
TRNE	31	A	14712	T	0	0	6	0	0	6	0	0	17	0	0	17	patho
TRNE	31	G	14712	C	0	0	6	0	0	6	0	0	17	0	0	17	patho
TRNE	31	C	14712	G	0	0	6	0	0	6	0	0	17	0	0	17	patho
TRNE	32	A	14711	T	0	0	6	0	0	6	0	0	17	0	0	17	patho
TRNE	32	G	14711	C	0	0	6	0	0	6	0	0	17	0	0	17	patho
TRNE	32	C	14711	G	0	0	6	0	0	6	0	0	17	0	0	17	patho
TRNE	33	A	14710	T	0	0	0	0	6	6	0	0	0	0	17	17	patho
TRNE	33	T	14710	A	0	0	0	0	6	6	0	0	0	0	17	17	patho
TRNE	33	G	14710	C	0	0	0	0	6	6	0	0	0	0	17	17	patho
TRNE	34	T	14709	A	0	6	0	0	0	6	0	14	0	3	0	14	
TRNE	34	C	14709	G	0	6	0	0	0	6	0	14	0	3	0	14	
TRNE	35	A	14708	T	0	0	6	0	0	6	0	0	16	1	0	16	patho
TRNE	35	C	14708	G	0	0	6	0	0	6	0	0	16	1	0	16	patho
TRNE	41	G	14702	C	0	0	6	0	0	6	0	1	16	0	0	16	patho
TRNE	41	C	14702	G	0	0	6	0	0	6	0	1	16	0	0	16	patho
TRNE	42	T	14701	A	0	2	0	4	0	4	0	7	0	10	0	10	
TRNE	42	C	14701	G	0	2	0	4	0	4	0	7	0	10	0	10	
TRNE	43	T	14700	A	0	0	0	6	0	6	0	1	0	16	0	16	patho
TRNE	43	C	14700	G	0	0	0	6	0	6	0	1	0	16	0	16	patho
TRNE	44	A	14699	T	0	0	6	0	0	6	0	0	17	0	0	17	patho
TRNE	44	G	14699	C	0	0	6	0	0	6	0	0	17	0	0	17	patho
TRNE	44	C	14699	G	0	0	6	0	0	6	0	0	17	0	0	17	patho
TRNE	50	A	14693	T	0	0	6	0	0	6	0	0	17	0	0	17	patho
TRNE	50	G	14693	C	0	0	6	0	0	6	0	0	17	0	0	17	patho
TRNE	50	C	14693	G	0	0	6	0	0	6	0	0	17	0	0	17	patho
TRNE	51	A	14692	T	0	0	4	0	2	4	0	0	14	0	3	14	
TRNE	51	G	14692	C	0	0	4	0	2	4	0	0	14	0	3	14	
TRNE	52	C	14691	G	0	2	0	4	0	4	0	7	1	8	0	8	
TRNE	54	T	14689	A	0	5	0	1	0	5	0	15	0	2	0	15	patho
TRNE	54	C	14689	G	0	5	0	1	0	5	0	15	0	2	0	15	patho
TRNE	55	C	14688	G	0	0	0	6	0	6	0	3	1	13	0	13	
TRNE	56	A	14687	T	0	0	6	0	0	6	0	0	16	0	1	16	patho
TRNE	56	G	14687	C	0	0	6	0	0	6	0	0	16	0	1	16	patho
TRNE	69	C	14674	G	0	5	0	1	0	5	0	10	3	4	0	10	
TRNL2	71	T	12336	T	0	6	0	0	0	6	0	17	0	0	0	17	patho
TRNL2	71	G	12336	G	0	6	0	0	0	6	0	17	0	0	0	17	patho
TRNL2	71	C	12336	C	0	6	0	0	0	6	0	17	0	0	0	17	patho
TRNL2	58	A	12323	A	0	0	6	0	0	6	0	0	17	0	0	17	patho
TRNL2	58	G	12323	G	0	0	6	0	0	6	0	0	17	0	0	17	patho
TRNL2	58	C	12323	C	0	0	6	0	0	6	0	0	17	0	0	17	patho
TRNL2	57	A	12322	A	0	0	0	0	6	6	0	0	0	0	17	17	patho
TRNL2	57	T	12322	T	0	0	0	0	6	6	0	0	0	0	17	17	patho
TRNL2	57	G	12322	G	0	0	0	0	6	6	0	0	0	0	17	17	patho
TRNL2	56	T	12321	T	0	6	0	0	0	6	0	17	0	0	0	17	patho
TRNL2	56	G	12321	G	0	6	0	0	0	6	0	17	0	0	0	17	patho
TRNL2	56	C	12321	C	0	6	0	0	0	6	0	17	0	0	0	17	patho
TRNL2	55	T	12320	T	0	6	0	0	0	6	0	17	0	0	0	17	patho
TRNL2	55	G	12320	G	0	6	0	0	0	6	0	17	0	0	0	17	patho
TRNL2	55	C	12320	C	0	6	0	0	0	6	0	17	0	0	0	17	patho
TRNL2	54	A	12319	A	0	0	0	0	6	6	0	0	0	0	17	17	patho
TRNL2	54	T	12319	T	0	0	0	0	6	6	0	0	0	0	17	17	patho
TRNL2	54	G	12319	G	0	0	0	0	6	6	0	0	0	0	17	17	patho
TRNL2	53	A	12318	A	0	0	0	6	0	6	0	0	0	17	0	17	patho
TRNL2	53	T	12318	T	0	0	0	6	0	6	0	0	0	17	0	17	patho
TRNL2	53	C	12318	C	0	0	0	6	0	6	0	0	0	17	0	17	patho
TRNL2	52	A	12317	A	0	0	6	0	0	6	0	0	17	0	0	17	patho
TRNL2	52	G	12317	G	0	0	6	0	0	6	0	0	17	0	0	17	patho
TRNL2	52	C	12317	C	0	0	6	0	0	6	0	0	17	0	0	17	patho
TRNL2	46	A	12311	A	0	0	6	0	0	6	0	0	11	0	2	11	
TRNL2	46	G	12311	G	0	0	6	0	0	6	0	0	11	0	2	11	
TRNL2	45	T	12310	T	0	6	0	0	0	6	0	17	0	0	0	17	patho
TRNL2	45	G	12310	G	0	6	0	0	0	6	0	17	0	0	0	17	patho
TRNL2	45	C	12310	C	0	6	0	0	0	6	0	17	0	0	0	17	patho
TRNL2	44	T	12309	T	0	6	0	0	0	6	0	17	0	0	0	17	patho
TRNL2	44	G	12309	G	0	6	0	0	0	6	0	17	0	0	0	17	patho
TRNL2	44	C	12309	C	0	6	0	0	0	6	0	17	0	0	0	17	patho
TRNL2	43	T	12308	T	0	6	0	0	0	6	0	17	0	0	0	17	patho
TRNL2	43	G	12308	G	0	6	0	0	0	6	0	17	0	0	0	17	patho
TRNL2	43	C	12308	C	0	6	0	0	0	6	0	17	0	0	0	17	patho
TRNL2	37	T	12302	T	0	3	0	0	3	3	0	14	0	0	3	14	
TRNL2	37	G	12302	G	0	3	0	0	3	3	0	14	0	0	3	14	
TRNL2	36	A	12301	A	0	0	0	6	0	6	0	0	0	17	0	17	patho
TRNL2	36	T	12301	T	0	0	0	6	0	6	0	0	0	17	0	17	patho
TRNL2	36	C	12301	C	0	0	0	6	0	6	0	0	0	17	0	17	patho
TRNL2	35	A	12300	A	0	0	0	6	0	6	0	0	0	17	0	17	patho
TRNL2	35	T	12300	T	0	0	0	6	0	6	0	0	0	17	0	17	patho
TRNL2	35	C	12300	C	0	0	0	6	0	6	0	0	0	17	0	17	patho
TRNL2	34	T	12299	T	0	6	0	0	0	6	0	17	0	0	0	17	patho
TRNL2	34	G	12299	G	0	6	0	0	0	6	0	17	0	0	0	17	patho
TRNL2	34	C	12299	C	0	6	0	0	0	6	0	17	0	0	0	17	patho
TRNL2	33	A	12298	A	0	0	6	0	0	6	0	0	17	0	0	17	patho
TRNL2	33	G	12298	G	0	0	6	0	0	6	0	0	17	0	0	17	patho
TRNL2	33	C	12298	C	0	0	6	0	0	6	0	0	17	0	0	17	patho
TRNL2	32	A	12297	A	0	0	6	0	0	6	0	0	17	0	0	17	patho
TRNL2	32	G	12297	G	0	0	6	0	0	6	0	0	17	0	0	17	patho
TRNL2	32	C	12297	C	0	0	6	0	0	6	0	0	17	0	0	17	patho
TRNL2	31	A	12296	A	0	0	0	0	6	6	0	0	0	0	17	17	patho
TRNL2	31	T	12296	T	0	0	0	0	6	6	0	0	0	0	17	17	patho
TRNL2	31	G	12296	G	0	0	0	0	6	6	0	0	0	0	17	17	patho
TRNL2	25	T	12290	T	0	3	0	1	2	3	0	11	0	4	2	11	
TRNL2	20	G	12285	G	0	0	5	0	1	5	0	3	11	0	3	11	
TRNL2	19	G	12284	G	0	0	1	0	5	5	0	1	5	0	11	11	
TRNL2	18	A	12283	A	0	0	0	6	0	6	0	0	0	17	0	17	patho
TRNL2	18	T	12283	T	0	0	0	6	0	6	0	0	0	17	0	17	patho
TRNL2	18	C	12283	C	0	0	0	6	0	6	0	0	0	17	0	17	patho
TRNL2	17	T	12282	T	0	6	0	0	0	6	0	17	0	0	0	17	patho
TRNL2	17	G	12282	G	0	6	0	0	0	6	0	17	0	0	0	17	patho
TRNL2	17	C	12282	C	0	6	0	0	0	6	0	17	0	0	0	17	patho
TRNL2	15	T	12280	T	0	6	0	0	0	6	0	12	0	5	0	12	
TRNL2	15	C	12280	C	0	6	0	0	0	6	0	12	0	5	0	12	
TRNL2	14	T	12279	T	0	6	0	0	0	6	0	15	0	2	0	15	patho
TRNL2	14	C	12279	C	0	6	0	0	0	6	0	15	0	2	0	15	patho
TRNL2	9	T	12274	T	0	6	0	0	0	6	0	17	0	0	0	17	patho
TRNL2	9	G	12274	G	0	6	0	0	0	6	0	17	0	0	0	17	patho
TRNL2	9	C	12274	C	0	6	0	0	0	6	0	17	0	0	0	17	patho
TRNL2	8	T	12273	T	0	6	0	0	0	6	0	17	0	0	0	17	patho
TRNL2	8	G	12273	G	0	6	0	0	0	6	0	17	0	0	0	17	patho
TRNL2	8	C	12273	C	0	6	0	0	0	6	0	17	0	0	0	17	patho
TRNS2	45	T	12251	T	0	6	0	0	0	6	0	17	0	0	0	17	patho
TRNS2	45	G	12251	G	0	6	0	0	0	6	0	17	0	0	0	17	patho
TRNS2	45	C	12251	C	0	6	0	0	0	6	0	17	0	0	0	17	patho
TRNS2	44	G	12250	G	0	0	0	0	6	6	0	5	2	0	9	9	
TRNS2	43	T	12249	T	0	6	0	0	0	6	0	17	0	0	0	17	patho
TRNS2	43	G	12249	G	0	6	0	0	0	6	0	17	0	0	0	17	patho
TRNS2	43	C	12249	C	0	6	0	0	0	6	0	17	0	0	0	17	patho
TRNS2	42	T	12248	T	0	6	0	0	0	6	0	17	0	0	0	17	patho
TRNS2	42	G	12248	G	0	6	0	0	0	6	0	17	0	0	0	17	patho
TRNS2	42	C	12248	C	0	6	0	0	0	6	0	17	0	0	0	17	patho
TRNS2	41	A	12247	A	0	0	6	0	0	6	0	0	17	0	0	17	patho
TRNS2	41	G	12247	G	0	0	6	0	0	6	0	0	17	0	0	17	patho
TRNS2	41	C	12247	C	0	0	6	0	0	6	0	0	17	0	0	17	patho
TRNS2	39	A	12245	A	0	0	3	0	3	3	0	0	7	0	10	10	
TRNS2	39	G	12245	G	0	0	3	0	3	3	0	0	7	0	10	10	
TRNS2	33	A	12239	A	0	0	0	0	6	6	0	0	4	0	13	13	
TRNS2	33	G	12239	G	0	0	0	0	6	6	0	0	4	0	13	13	
TRNS2	32	G	12238	G	0	0	1	0	5	5	0	2	4	0	11	11	
TRNS2	31	G	12237	G	0	0	2	0	2	2	0	3	3	0	9	9	
TRNS2	24	T	12230	T	0	6	0	0	0	6	0	17	0	0	0	17	patho
TRNS2	24	G	12230	G	0	6	0	0	0	6	0	17	0	0	0	17	patho
TRNS2	24	C	12230	C	0	6	0	0	0	6	0	17	0	0	0	17	patho
TRNS2	23	T	12229	T	0	6	0	0	0	6	0	17	0	0	0	17	patho
TRNS2	23	G	12229	G	0	6	0	0	0	6	0	17	0	0	0	17	patho
TRNS2	23	C	12229	C	0	6	0	0	0	6	0	17	0	0	0	17	patho
TRNS2	22	A	12228	A	0	0	6	0	0	6	0	0	17	0	0	17	patho
TRNS2	22	G	12228	G	0	0	6	0	0	6	0	0	17	0	0	17	patho
TRNS2	22	C	12228	C	0	0	6	0	0	6	0	0	17	0	0	17	patho
TRNS2	21	A	12227	A	0	0	0	0	6	6	0	0	0	0	17	17	patho
TRNS2	21	T	12227	T	0	0	0	0	6	6	0	0	0	0	17	17	patho
TRNS2	21	G	12227	G	0	0	0	0	6	6	0	0	0	0	17	17	patho
TRNS2	20	A	12226	A	0	0	0	6	0	6	0	0	0	17	0	17	patho
TRNS2	20	T	12226	T	0	0	0	6	0	6	0	0	0	17	0	17	patho
TRNS2	20	C	12226	C	0	0	0	6	0	6	0	0	0	17	0	17	patho
TRNS2	19	A	12225	A	0	0	6	0	0	6	0	0	16	0	1	16	patho
TRNS2	19	G	12225	G	0	0	6	0	0	6	0	0	16	0	1	16	patho
TRNS2	18	A	12224	A	0	0	0	0	6	6	0	0	1	0	16	16	patho
TRNS2	18	G	12224	G	0	0	0	0	6	6	0	0	1	0	16	16	patho
TRNS2	11	T	12217	T	0	5	0	1	0	5	0	8	0	9	0	9	
TRNS2	11	C	12217	C	0	5	0	1	0	5	0	8	0	9	0	9	
TRNS2	10	A	12216	A	0	0	2	0	4	4	0	0	9	0	6	9	
TRNS2	10	G	12216	G	0	0	2	0	4	4	0	0	9	0	6	9	
TRNS2	9	G	12215	G	0	0	6	0	0	6	0	3	11	0	2	11	
TRNS2	8	T	12214	T	0	0	0	0	6	6	0	2	0	0	12	12	
TRNS2	8	G	12214	G	0	0	0	0	6	6	0	2	0	0	12	12	
TRNH	69	A	12206	A	0	0	0	0	6	6	0	0	0	0	17	17	patho
TRNH	69	T	12206	T	0	0	0	0	6	6	0	0	0	0	17	17	patho
TRNH	69	G	12206	G	0	0	0	0	6	6	0	0	0	0	17	17	patho
TRNH	56	T	12193	T	0	6	0	0	0	6	0	12	0	1	4	12	
TRNH	55	T	12192	T	0	3	0	3	0	3	0	8	0	3	6	8	
TRNH	54	T	12191	T	0	0	0	0	6	6	0	5	0	0	12	12	
TRNH	54	G	12191	G	0	0	0	0	6	6	0	5	0	0	12	12	
TRNH	53	C	12190	C	0	6	0	0	0	6	0	15	1	1	0	15	patho
TRNH	52	A	12189	A	0	0	1	0	5	5	0	0	7	0	10	10	
TRNH	52	G	12189	G	0	0	1	0	5	5	0	0	7	0	10	10	
TRNH	51	A	12188	A	0	0	4	0	2	4	0	0	10	0	7	10	
TRNH	51	G	12188	G	0	0	4	0	2	4	0	0	10	0	7	10	
TRNH	50	T	12187	T	0	0	0	0	5	5	0	2	0	0	12	12	
TRNH	50	G	12187	G	0	0	0	0	5	5	0	2	0	0	12	12	
TRNH	44	A	12181	A	0	0	2	0	4	4	0	0	12	0	5	12	
TRNH	44	G	12181	G	0	0	2	0	4	4	0	0	12	0	5	12	
TRNH	43	T	12180	T	0	6	0	0	0	6	0	17	0	0	0	17	patho
TRNH	43	G	12180	G	0	6	0	0	0	6	0	17	0	0	0	17	patho
TRNH	43	C	12180	C	0	6	0	0	0	6	0	17	0	0	0	17	patho
TRNH	42	G	12179	G	0	6	0	0	0	6	0	12	2	0	3	12	
TRNH	41	G	12178	G	0	0	3	0	3	3	0	3	5	0	9	9	
TRNH	35	T	12172	T	0	6	0	0	0	6	0	16	0	1	0	16	patho
TRNH	35	C	12172	C	0	6	0	0	0	6	0	16	0	1	0	16	patho
TRNH	34	T	12171	T	0	6	0	0	0	6	0	17	0	0	0	17	patho
TRNH	34	G	12171	G	0	6	0	0	0	6	0	17	0	0	0	17	patho
TRNH	34	C	12171	C	0	6	0	0	0	6	0	17	0	0	0	17	patho
TRNH	33	A	12170	A	0	0	0	6	0	6	0	0	0	17	0	17	patho
TRNH	33	T	12170	T	0	0	0	6	0	6	0	0	0	17	0	17	patho
TRNH	33	C	12170	C	0	0	0	6	0	6	0	0	0	17	0	17	patho
TRNH	32	A	12169	A	0	0	6	0	0	6	0	0	17	0	0	17	patho
TRNH	32	G	12169	G	0	0	6	0	0	6	0	0	17	0	0	17	patho
TRNH	32	C	12169	C	0	0	6	0	0	6	0	0	17	0	0	17	patho
TRNH	31	A	12168	A	0	0	0	6	0	6	0	0	0	17	0	17	patho
TRNH	31	T	12168	T	0	0	0	6	0	6	0	0	0	17	0	17	patho
TRNH	31	C	12168	C	0	0	0	6	0	6	0	0	0	17	0	17	patho
TRNH	30	A	12167	A	0	0	6	0	0	6	0	0	17	0	0	17	patho
TRNH	30	G	12167	G	0	0	6	0	0	6	0	0	17	0	0	17	patho
TRNH	30	C	12167	C	0	0	6	0	0	6	0	0	17	0	0	17	patho
TRNH	29	A	12166	A	0	0	6	0	0	6	0	0	15	0	2	15	patho
TRNH	29	G	12166	G	0	0	6	0	0	6	0	0	15	0	2	15	patho
TRNH	23	T	12160	T	0	6	0	0	0	6	0	15	0	2	0	15	patho
TRNH	23	C	12160	C	0	6	0	0	0	6	0	15	0	2	0	15	patho
TRNH	18	T	12155	T	0	6	0	0	0	6	0	17	0	0	0	17	patho
TRNH	18	G	12155	G	0	6	0	0	0	6	0	17	0	0	0	17	patho
TRNH	18	C	12155	C	0	6	0	0	0	6	0	17	0	0	0	17	patho
TRNH	17	G	12154	G	0	0	0	0	6	6	0	1	6	0	9	9	
TRNH	16	G	12153	G	0	0	0	0	6	6	0	3	4	0	10	10	
TRNH	15	T	12152	T	0	6	0	0	0	6	0	17	0	0	0	17	patho
TRNH	15	G	12152	G	0	6	0	0	0	6	0	17	0	0	0	17	patho
TRNH	15	C	12152	C	0	6	0	0	0	6	0	17	0	0	0	17	patho
TRNH	14	T	12151	T	0	6	0	0	0	6	0	17	0	0	0	17	patho
TRNH	14	G	12151	G	0	6	0	0	0	6	0	17	0	0	0	17	patho
TRNH	14	C	12151	C	0	6	0	0	0	6	0	17	0	0	0	17	patho
TRNH	9	T	12146	T	0	6	0	0	0	6	0	17	0	0	0	17	patho
TRNH	9	G	12146	G	0	6	0	0	0	6	0	17	0	0	0	17	patho
TRNH	9	C	12146	C	0	6	0	0	0	6	0	17	0	0	0	17	patho
TRNH	8	A	12145	A	0	0	6	0	0	6	0	0	17	0	0	17	patho
TRNH	8	G	12145	G	0	0	6	0	0	6	0	0	17	0	0	17	patho
TRNH	8	C	12145	C	0	0	6	0	0	6	0	0	17	0	0	17	patho
TRNR	65	G	10469	G	0	6	0	0	0	6	0	16	1	0	0	16	patho
TRNR	65	C	10469	C	0	6	0	0	0	6	0	16	1	0	0	16	patho
TRNR	51	T	10455	T	0	4	0	0	0	4	0	5	0	0	1	5	
TRNR	51	G	10455	G	0	4	0	0	0	4	0	5	0	0	1	5	
TRNR	50	G	10454	G	0	0	4	0	2	4	0	1	8	0	7	8	
TRNR	44	A	10448	A	0	0	6	0	0	6	0	0	15	0	2	15	patho
TRNR	44	G	10448	G	0	0	6	0	0	6	0	0	15	0	2	15	patho
TRNR	43	T	10447	T	0	6	0	0	0	6	0	16	0	1	0	16	patho
TRNR	43	C	10447	C	0	6	0	0	0	6	0	16	0	1	0	16	patho
TRNR	42	T	10446	T	0	5	0	1	0	5	0	9	0	8	0	9	
TRNR	42	C	10446	C	0	5	0	1	0	5	0	9	0	8	0	9	
TRNR	41	T	10445	T	0	6	0	0	0	6	0	16	0	1	0	16	patho
TRNR	41	C	10445	C	0	6	0	0	0	6	0	16	0	1	0	16	patho
TRNR	35	A	10439	A	0	0	0	0	6	6	0	0	0	0	17	17	patho
TRNR	35	T	10439	T	0	0	0	0	6	6	0	0	0	0	17	17	patho
TRNR	35	G	10439	G	0	0	0	0	6	6	0	0	0	0	17	17	patho
TRNR	34	T	10438	T	0	6	0	0	0	6	0	17	0	0	0	17	patho
TRNR	34	G	10438	G	0	6	0	0	0	6	0	17	0	0	0	17	patho
TRNR	34	C	10438	C	0	6	0	0	0	6	0	17	0	0	0	17	patho
TRNR	33	A	10437	A	0	0	0	6	0	6	0	0	0	17	0	17	patho
TRNR	33	T	10437	T	0	0	0	6	0	6	0	0	0	17	0	17	patho
TRNR	33	C	10437	C	0	0	0	6	0	6	0	0	0	17	0	17	patho
TRNR	32	A	10436	A	0	0	0	0	6	6	0	0	0	0	17	17	patho
TRNR	32	T	10436	T	0	0	0	0	6	6	0	0	0	0	17	17	patho
TRNR	32	G	10436	G	0	0	0	0	6	6	0	0	0	0	17	17	patho
TRNR	31	A	10435	A	0	0	6	0	0	6	0	0	17	0	0	17	patho
TRNR	31	G	10435	G	0	0	6	0	0	6	0	0	17	0	0	17	patho
TRNR	31	C	10435	C	0	0	6	0	0	6	0	0	17	0	0	17	patho
TRNR	30	A	10434	A	0	0	6	0	0	6	0	0	17	0	0	17	patho
TRNR	30	G	10434	G	0	0	6	0	0	6	0	0	17	0	0	17	patho
TRNR	30	C	10434	C	0	0	6	0	0	6	0	0	17	0	0	17	patho
TRNR	29	A	10433	A	0	0	6	0	0	6	0	0	17	0	0	17	patho
TRNR	29	G	10433	G	0	0	6	0	0	6	0	0	17	0	0	17	patho
TRNR	29	C	10433	C	0	0	6	0	0	6	0	0	17	0	0	17	patho
TRNR	23	T	10427	T	0	2	0	4	0	4	0	13	0	4	0	13	
TRNR	23	C	10427	C	0	2	0	4	0	4	0	13	0	4	0	13	
TRNR	18	T	10422	T	0	6	0	0	0	6	0	17	0	0	0	17	patho
TRNR	18	G	10422	G	0	6	0	0	0	6	0	17	0	0	0	17	patho
TRNR	18	C	10422	C	0	6	0	0	0	6	0	17	0	0	0	17	patho
TRNR	17	G	10421	G	0	0	1	0	5	5	0	1	4	0	11	11	
TRNR	16	T	10420	T	0	6	0	0	0	6	0	13	0	1	2	13	
TRNR	15	T	10419	T	0	6	0	0	0	6	0	16	0	0	0	16	patho
TRNR	15	G	10419	G	0	6	0	0	0	6	0	16	0	0	0	16	patho
TRNR	15	C	10419	C	0	6	0	0	0	6	0	16	0	0	0	16	patho
TRNR	14	T	10418	T	0	6	0	0	0	6	0	17	0	0	0	17	patho
TRNR	14	G	10418	G	0	6	0	0	0	6	0	17	0	0	0	17	patho
TRNR	14	C	10418	C	0	6	0	0	0	6	0	17	0	0	0	17	patho
TRNR	9	T	10413	T	0	6	0	0	0	6	0	17	0	0	0	17	patho
TRNR	9	G	10413	G	0	6	0	0	0	6	0	17	0	0	0	17	patho
TRNR	9	C	10413	C	0	6	0	0	0	6	0	17	0	0	0	17	patho
TRNR	8	A	10412	A	0	0	6	0	0	6	0	0	17	0	0	17	patho
TRNR	8	G	10412	G	0	0	6	0	0	6	0	0	17	0	0	17	patho
TRNR	8	C	10412	C	0	0	6	0	0	6	0	0	17	0	0	17	patho
TRNG	68	T	10058	T	0	6	0	0	0	6	0	17	0	0	0	17	patho
TRNG	68	G	10058	G	0	6	0	0	0	6	0	17	0	0	0	17	patho
TRNG	68	C	10058	C	0	6	0	0	0	6	0	17	0	0	0	17	patho
TRNG	55	G	10045	G	0	0	3	0	3	3	0	2	9	0	6	9	
TRNG	54	C	10044	C	0	5	0	1	0	5	0	13	2	2	0	13	
TRNG	53	G	10043	G	0	0	1	0	5	5	0	3	2	0	10	10	
TRNG	52	T	10042	T	0	5	0	1	0	5	0	16	0	1	0	16	patho
TRNG	52	C	10042	C	0	5	0	1	0	5	0	16	0	1	0	16	patho
TRNG	51	T	10041	T	0	6	0	0	0	6	0	14	0	1	1	14	
TRNG	50	A	10040	A	0	0	1	0	5	5	0	0	7	0	9	9	
TRNG	50	G	10040	G	0	0	1	0	5	5	0	0	7	0	9	9	
TRNG	44	G	10034	G	0	0	6	0	0	6	0	1	9	0	7	9	
TRNG	43	T	10033	T	0	0	0	6	0	6	0	1	0	16	0	16	patho
TRNG	43	C	10033	C	0	0	0	6	0	6	0	1	0	16	0	16	patho
TRNG	42	T	10032	T	0	6	0	0	0	6	0	14	0	3	0	14	
TRNG	42	C	10032	C	0	6	0	0	0	6	0	14	0	3	0	14	
TRNG	41	G	10031	G	0	0	4	0	2	4	0	3	8	0	6	8	
TRNG	35	T	10025	T	0	6	0	0	0	6	0	17	0	0	0	17	patho
TRNG	35	G	10025	G	0	6	0	0	0	6	0	17	0	0	0	17	patho
TRNG	35	C	10025	C	0	6	0	0	0	6	0	17	0	0	0	17	patho
TRNG	34	T	10024	T	0	6	0	0	0	6	0	17	0	0	0	17	patho
TRNG	34	G	10024	G	0	6	0	0	0	6	0	17	0	0	0	17	patho
TRNG	34	C	10024	C	0	6	0	0	0	6	0	17	0	0	0	17	patho
TRNG	33	A	10023	A	0	0	0	0	6	6	0	0	0	0	17	17	patho
TRNG	33	T	10023	T	0	0	0	0	6	6	0	0	0	0	17	17	patho
TRNG	33	G	10023	G	0	0	0	0	6	6	0	0	0	0	17	17	patho
TRNG	32	A	10022	A	0	0	0	0	6	6	0	0	0	0	17	17	patho
TRNG	32	T	10022	T	0	0	0	0	6	6	0	0	0	0	17	17	patho
TRNG	32	G	10022	G	0	0	0	0	6	6	0	0	0	0	17	17	patho
TRNG	31	A	10021	A	0	0	6	0	0	6	0	0	17	0	0	17	patho
TRNG	31	G	10021	G	0	0	6	0	0	6	0	0	17	0	0	17	patho
TRNG	31	C	10021	C	0	0	6	0	0	6	0	0	17	0	0	17	patho
TRNG	30	A	10020	A	0	0	6	0	0	6	0	0	17	0	0	17	patho
TRNG	30	G	10020	G	0	0	6	0	0	6	0	0	17	0	0	17	patho
TRNG	30	C	10020	C	0	0	6	0	0	6	0	0	17	0	0	17	patho
TRNG	29	A	10019	A	0	0	0	0	6	6	0	0	0	0	17	17	patho
TRNG	29	T	10019	T	0	0	0	0	6	6	0	0	0	0	17	17	patho
TRNG	29	G	10019	G	0	0	0	0	6	6	0	0	0	0	17	17	patho
TRNG	23	G	10013	G	0	0	0	0	6	6	0	10	1	0	6	10	
TRNG	18	T	10008	T	0	6	0	0	0	6	0	17	0	0	0	17	patho
TRNG	18	G	10008	G	0	6	0	0	0	6	0	17	0	0	0	17	patho
TRNG	18	C	10008	C	0	6	0	0	0	6	0	17	0	0	0	17	patho
TRNG	17	G	10007	G	0	0	3	0	3	3	0	1	8	0	8	8	
TRNG	15	T	10005	T	0	6	0	0	0	6	0	15	0	1	1	15	patho
TRNG	14	T	10004	T	0	6	0	0	0	6	0	16	0	0	0	16	patho
TRNG	14	G	10004	G	0	6	0	0	0	6	0	16	0	0	0	16	patho
TRNG	14	C	10004	C	0	6	0	0	0	6	0	16	0	0	0	16	patho
TRNG	9	T	9999	T	0	6	0	0	0	6	0	17	0	0	0	17	patho
TRNG	9	G	9999	G	0	6	0	0	0	6	0	17	0	0	0	17	patho
TRNG	9	C	9999	C	0	6	0	0	0	6	0	17	0	0	0	17	patho
TRNG	8	A	9998	A	0	0	6	0	0	6	0	0	17	0	0	17	patho
TRNG	8	G	9998	G	0	0	6	0	0	6	0	0	17	0	0	17	patho
TRNG	8	C	9998	C	0	0	6	0	0	6	0	0	17	0	0	17	patho
TRNK	70	T	8364	T	0	6	0	0	0	6	0	16	0	1	0	16	patho
TRNK	70	C	8364	C	0	6	0	0	0	6	0	16	0	1	0	16	patho
TRNK	57	G	8351	G	0	0	1	0	5	5	0	3	1	0	6	6	
TRNK	56	T	8350	T	0	4	0	0	2	4	0	6	0	0	4	6	
TRNK	56	G	8350	G	0	4	0	0	2	4	0	6	0	0	4	6	
TRNK	53	C	8347	C	0	4	0	2	0	4	0	11	2	2	0	11	
TRNK	51	G	8345	G	0	0	2	0	4	4	0	3	3	0	9	9	
TRNK	50	G	8344	G	0	6	0	0	0	6	0	10	3	0	2	10	
TRNK	42	A	8336	A	0	0	4	0	2	4	0	0	8	0	9	9	
TRNK	42	G	8336	G	0	0	4	0	2	4	0	0	8	0	9	9	
TRNK	41	T	8335	T	0	6	0	0	0	6	0	17	0	0	0	17	patho
TRNK	41	G	8335	G	0	6	0	0	0	6	0	17	0	0	0	17	patho
TRNK	41	C	8335	C	0	6	0	0	0	6	0	17	0	0	0	17	patho
TRNK	40	A	8334	A	0	0	0	6	0	6	0	0	0	17	0	17	patho
TRNK	40	T	8334	T	0	0	0	6	0	6	0	0	0	17	0	17	patho
TRNK	40	C	8334	C	0	0	0	6	0	6	0	0	0	17	0	17	patho
TRNK	39	T	8333	T	0	6	0	0	0	6	0	17	0	0	0	17	patho
TRNK	39	G	8333	G	0	6	0	0	0	6	0	17	0	0	0	17	patho
TRNK	39	C	8333	C	0	6	0	0	0	6	0	17	0	0	0	17	patho
TRNK	33	T	8327	T	0	6	0	0	0	6	0	17	0	0	0	17	patho
TRNK	33	G	8327	G	0	6	0	0	0	6	0	17	0	0	0	17	patho
TRNK	33	C	8327	C	0	6	0	0	0	6	0	17	0	0	0	17	patho
TRNK	32	T	8326	T	0	6	0	0	0	6	0	17	0	0	0	17	patho
TRNK	32	G	8326	G	0	6	0	0	0	6	0	17	0	0	0	17	patho
TRNK	32	C	8326	C	0	6	0	0	0	6	0	17	0	0	0	17	patho
TRNK	31	A	8325	A	0	0	6	0	0	6	0	0	17	0	0	17	patho
TRNK	31	G	8325	G	0	0	6	0	0	6	0	0	17	0	0	17	patho
TRNK	31	C	8325	C	0	0	6	0	0	6	0	0	17	0	0	17	patho
TRNK	30	A	8324	A	0	0	6	0	0	6	0	0	17	0	0	17	patho
TRNK	30	G	8324	G	0	0	6	0	0	6	0	0	17	0	0	17	patho
TRNK	30	C	8324	C	0	0	6	0	0	6	0	0	17	0	0	17	patho
TRNK	29	A	8323	A	0	0	6	0	0	6	0	0	17	0	0	17	patho
TRNK	29	G	8323	G	0	0	6	0	0	6	0	0	17	0	0	17	patho
TRNK	29	C	8323	C	0	0	6	0	0	6	0	0	17	0	0	17	patho
TRNK	28	A	8322	A	0	0	6	0	0	6	0	0	17	0	0	17	patho
TRNK	28	G	8322	G	0	0	6	0	0	6	0	0	17	0	0	17	patho
TRNK	28	C	8322	C	0	0	6	0	0	6	0	0	17	0	0	17	patho
TRNK	27	A	8321	A	0	0	0	0	6	6	0	0	0	0	17	17	patho
TRNK	27	T	8321	T	0	0	0	0	6	6	0	0	0	0	17	17	patho
TRNK	27	G	8321	G	0	0	0	0	6	6	0	0	0	0	17	17	patho
TRNK	21	T	8315	T	0	5	0	1	0	5	0	14	0	3	0	14	
TRNK	21	C	8315	C	0	5	0	1	0	5	0	14	0	3	0	14	
TRNK	16	G	8310	G	0	0	1	0	5	5	0	3	5	0	7	7	
TRNK	15	G	8309	G	0	0	1	0	5	5	0	1	6	0	8	8	
TRNK	9	T	8303	T	0	6	0	0	0	6	0	17	0	0	0	17	patho
TRNK	9	G	8303	G	0	6	0	0	0	6	0	17	0	0	0	17	patho
TRNK	9	C	8303	C	0	6	0	0	0	6	0	17	0	0	0	17	patho
TRND	68	G	7585	G	0	6	0	0	0	6	0	13	2	0	2	13	
TRND	55	G	7572	G	0	0	1	0	5	5	0	1	3	0	13	13	
TRND	54	G	7571	G	0	5	0	0	1	5	0	12	1	0	4	12	
TRND	53	T	7570	T	0	2	0	1	0	2	0	12	0	1	0	12	
TRND	53	C	7570	C	0	2	0	1	0	2	0	12	0	1	0	12	
TRND	52	T	7569	T	0	6	0	0	0	6	0	12	0	1	4	12	
TRND	51	A	7568	A	0	0	4	0	2	4	0	0	9	0	7	9	
TRND	51	G	7568	G	0	0	4	0	2	4	0	0	9	0	7	9	
TRND	50	G	7567	G	0	0	4	0	2	4	0	2	9	0	3	9	
TRND	44	A	7561	A	0	0	6	0	0	6	0	0	16	0	1	16	patho
TRND	44	G	7561	G	0	0	6	0	0	6	0	0	16	0	1	16	patho
TRND	43	A	7560	A	0	0	6	0	0	6	0	0	17	0	0	17	patho
TRND	43	G	7560	G	0	0	6	0	0	6	0	0	17	0	0	17	patho
TRND	43	C	7560	C	0	0	6	0	0	6	0	0	17	0	0	17	patho
TRND	42	C	7559	C	0	5	0	1	0	5	0	14	1	2	0	14	
TRND	41	T	7558	T	0	6	0	0	0	6	0	17	0	0	0	17	patho
TRND	41	G	7558	G	0	6	0	0	0	6	0	17	0	0	0	17	patho
TRND	41	C	7558	C	0	6	0	0	0	6	0	17	0	0	0	17	patho
TRND	35	T	7552	T	0	6	0	0	0	6	0	17	0	0	0	17	patho
TRND	35	G	7552	G	0	6	0	0	0	6	0	17	0	0	0	17	patho
TRND	35	C	7552	C	0	6	0	0	0	6	0	17	0	0	0	17	patho
TRND	34	T	7551	T	0	6	0	0	0	6	0	17	0	0	0	17	patho
TRND	34	G	7551	G	0	6	0	0	0	6	0	17	0	0	0	17	patho
TRND	34	C	7551	C	0	6	0	0	0	6	0	17	0	0	0	17	patho
TRND	33	A	7550	A	0	0	0	0	6	6	0	0	0	0	17	17	patho
TRND	33	T	7550	T	0	0	0	0	6	6	0	0	0	0	17	17	patho
TRND	33	G	7550	G	0	0	0	0	6	6	0	0	0	0	17	17	patho
TRND	32	A	7549	A	0	0	6	0	0	6	0	0	17	0	0	17	patho
TRND	32	G	7549	G	0	0	6	0	0	6	0	0	17	0	0	17	patho
TRND	32	C	7549	C	0	0	6	0	0	6	0	0	17	0	0	17	patho
TRND	31	A	7548	A	0	0	0	6	0	6	0	0	0	17	0	17	patho
TRND	31	T	7548	T	0	0	0	6	0	6	0	0	0	17	0	17	patho
TRND	31	C	7548	C	0	0	0	6	0	6	0	0	0	17	0	17	patho
TRND	30	A	7547	A	0	0	6	0	0	6	0	0	16	0	1	16	patho
TRND	30	G	7547	G	0	0	6	0	0	6	0	0	16	0	1	16	patho
TRND	29	A	7546	A	0	0	6	0	0	6	0	0	17	0	0	17	patho
TRND	29	G	7546	G	0	0	6	0	0	6	0	0	17	0	0	17	patho
TRND	29	C	7546	C	0	0	6	0	0	6	0	0	17	0	0	17	patho
TRND	23	T	7540	T	0	5	0	1	0	5	0	15	0	2	0	15	patho
TRND	23	C	7540	C	0	5	0	1	0	5	0	15	0	2	0	15	patho
TRND	18	T	7535	T	0	6	0	0	0	6	0	17	0	0	0	17	patho
TRND	18	G	7535	G	0	6	0	0	0	6	0	17	0	0	0	17	patho
TRND	18	C	7535	C	0	6	0	0	0	6	0	17	0	0	0	17	patho
TRND	17	G	7534	G	0	0	3	0	3	3	0	2	7	0	8	8	
TRND	16	G	7533	G	0	0	0	0	6	6	0	2	7	0	8	8	
TRND	15	T	7532	T	0	6	0	0	0	6	0	15	0	0	0	15	patho
TRND	15	G	7532	G	0	6	0	0	0	6	0	15	0	0	0	15	patho
TRND	15	C	7532	C	0	6	0	0	0	6	0	15	0	0	0	15	patho
TRND	14	T	7531	T	0	6	0	0	0	6	0	16	0	0	0	16	patho
TRND	14	G	7531	G	0	6	0	0	0	6	0	16	0	0	0	16	patho
TRND	14	C	7531	C	0	6	0	0	0	6	0	16	0	0	0	16	patho
TRND	9	T	7526	T	0	6	0	0	0	6	0	17	0	0	0	17	patho
TRND	9	G	7526	G	0	6	0	0	0	6	0	17	0	0	0	17	patho
TRND	9	C	7526	C	0	6	0	0	0	6	0	17	0	0	0	17	patho
TRND	8	A	7525	A	0	0	6	0	0	6	0	0	17	0	0	17	patho
TRND	8	G	7525	G	0	0	6	0	0	6	0	0	17	0	0	17	patho
TRND	8	C	7525	C	0	0	6	0	0	6	0	0	17	0	0	17	patho
TRNS1	8	G	7507	C	0	0	6	0	0	6	0	1	16	0	0	16	patho
TRNS1	8	C	7507	G	0	0	6	0	0	6	0	1	16	0	0	16	patho
TRNS1	13	T	7502	A	0	1	0	5	0	5	0	2	0	15	0	15	patho
TRNS1	13	C	7502	G	0	1	0	5	0	5	0	2	0	15	0	15	patho
TRNS1	14	C	7501	G	0	4	0	2	0	4	0	7	2	7	0	7	
TRNS1	15	A	7500	T	0	0	0	6	0	6	0	0	0	17	0	17	patho
TRNS1	15	T	7500	A	0	0	0	6	0	6	0	0	0	17	0	17	patho
TRNS1	15	C	7500	G	0	0	0	6	0	6	0	0	0	17	0	17	patho
TRNS1	16	A	7499	T	0	0	0	6	0	6	0	0	1	16	0	16	patho
TRNS1	16	C	7499	G	0	0	0	6	0	6	0	0	1	16	0	16	patho
TRNS1	17	A	7498	T	0	0	5	0	1	5	0	0	11	0	6	11	
TRNS1	17	G	7498	C	0	0	5	0	1	5	0	0	11	0	6	11	
TRNS1	22	T	7493	A	0	0	0	6	0	6	0	5	0	11	1	11	
TRNS1	23	T	7492	A	0	0	0	6	0	6	0	2	0	15	0	15	patho
TRNS1	23	C	7492	G	0	0	0	6	0	6	0	2	0	15	0	15	patho
TRNS1	29	A	7486	T	0	0	0	0	6	6	0	0	0	0	17	17	patho
TRNS1	29	T	7486	A	0	0	0	0	6	6	0	0	0	0	17	17	patho
TRNS1	29	G	7486	C	0	0	0	0	6	6	0	0	0	0	17	17	patho
TRNS1	30	A	7485	T	0	0	6	0	0	6	0	0	17	0	0	17	patho
TRNS1	30	G	7485	C	0	0	6	0	0	6	0	0	17	0	0	17	patho
TRNS1	30	C	7485	G	0	0	6	0	0	6	0	0	17	0	0	17	patho
TRNS1	31	A	7484	T	0	0	6	0	0	6	0	0	17	0	0	17	patho
TRNS1	31	G	7484	C	0	0	6	0	0	6	0	0	17	0	0	17	patho
TRNS1	31	C	7484	G	0	0	6	0	0	6	0	0	17	0	0	17	patho
TRNS1	32	A	7483	T	0	0	0	6	0	6	0	0	0	17	0	17	patho
TRNS1	32	T	7483	A	0	0	0	6	0	6	0	0	0	17	0	17	patho
TRNS1	32	C	7483	G	0	0	0	6	0	6	0	0	0	17	0	17	patho
TRNS1	33	T	7482	A	0	6	0	0	0	6	0	17	0	0	0	17	patho
TRNS1	33	G	7482	C	0	6	0	0	0	6	0	17	0	0	0	17	patho
TRNS1	33	C	7482	G	0	6	0	0	0	6	0	17	0	0	0	17	patho
TRNS1	34	T	7481	A	0	6	0	0	0	6	0	17	0	0	0	17	patho
TRNS1	34	G	7481	C	0	6	0	0	0	6	0	17	0	0	0	17	patho
TRNS1	34	C	7481	G	0	6	0	0	0	6	0	17	0	0	0	17	patho
TRNS1	35	T	7480	A	0	6	0	0	0	6	0	17	0	0	0	17	patho
TRNS1	35	G	7480	C	0	6	0	0	0	6	0	17	0	0	0	17	patho
TRNS1	35	C	7480	G	0	6	0	0	0	6	0	17	0	0	0	17	patho
TRNS1	41	A	7474	T	0	0	6	0	0	6	0	0	16	0	1	16	patho
TRNS1	41	G	7474	C	0	0	6	0	0	6	0	0	16	0	1	16	patho
TRNS1	42	A	7473	T	0	0	6	0	0	6	0	0	16	0	1	16	patho
TRNS1	42	G	7473	C	0	0	6	0	0	6	0	0	16	0	1	16	patho
TRNS1	43	A	7472	T	0	0	6	0	0	6	0	0	16	0	1	16	patho
TRNS1	43	G	7472	C	0	0	6	0	0	6	0	0	16	0	1	16	patho
TRNS1	44	C	7471	G	0	4	0	2	0	4	0	12	2	3	0	12	
TRNS1	50	A	7465	T	0	0	6	0	0	6	0	0	17	0	0	17	patho
TRNS1	50	G	7465	C	0	0	6	0	0	6	0	0	17	0	0	17	patho
TRNS1	50	C	7465	G	0	0	6	0	0	6	0	0	17	0	0	17	patho
TRNS1	51	A	7464	T	0	0	6	0	0	6	0	0	17	0	0	17	patho
TRNS1	51	G	7464	C	0	0	6	0	0	6	0	0	17	0	0	17	patho
TRNS1	51	C	7464	G	0	0	6	0	0	6	0	0	17	0	0	17	patho
TRNS1	52	A	7463	T	0	0	0	0	6	6	0	0	0	0	17	17	patho
TRNS1	52	T	7463	A	0	0	0	0	6	6	0	0	0	0	17	17	patho
TRNS1	52	G	7463	C	0	0	0	0	6	6	0	0	0	0	17	17	patho
TRNS1	53	T	7462	A	0	0	0	6	0	6	0	3	0	14	0	14	
TRNS1	53	C	7462	G	0	0	0	6	0	6	0	3	0	14	0	14	
TRNS1	54	T	7461	A	0	6	0	0	0	6	0	17	0	0	0	17	patho
TRNS1	54	G	7461	C	0	6	0	0	0	6	0	17	0	0	0	17	patho
TRNS1	54	C	7461	G	0	6	0	0	0	6	0	17	0	0	0	17	patho
TRNS1	55	G	7460	C	0	0	6	0	0	6	0	1	12	0	4	12	
TRNS1	56	A	7459	T	0	0	6	0	0	6	0	0	17	0	0	17	patho
TRNS1	56	G	7459	C	0	0	6	0	0	6	0	0	17	0	0	17	patho
TRNS1	56	C	7459	G	0	0	6	0	0	6	0	0	17	0	0	17	patho
TRNS1	69	T	7446	A	0	0	0	6	0	6	0	1	0	16	0	16	patho
TRNS1	69	C	7446	G	0	0	0	6	0	6	0	1	0	16	0	16	patho
TRNY	8	A	5884	T	0	0	6	0	0	6	0	0	17	0	0	17	patho
TRNY	8	G	5884	C	0	0	6	0	0	6	0	0	17	0	0	17	patho
TRNY	8	C	5884	G	0	0	6	0	0	6	0	0	17	0	0	17	patho
TRNY	9	A	5883	T	0	0	0	6	0	6	0	0	0	17	0	17	patho
TRNY	9	T	5883	A	0	0	0	6	0	6	0	0	0	17	0	17	patho
TRNY	9	C	5883	G	0	0	0	6	0	6	0	0	0	17	0	17	patho
TRNY	14	T	5878	A	0	6	0	0	0	6	0	17	0	0	0	17	patho
TRNY	14	G	5878	C	0	6	0	0	0	6	0	17	0	0	0	17	patho
TRNY	14	C	5878	G	0	6	0	0	0	6	0	17	0	0	0	17	patho
TRNY	15	T	5877	A	0	0	0	6	0	6	0	2	0	14	0	14	
TRNY	15	C	5877	G	0	0	0	6	0	6	0	2	0	14	0	14	
TRNY	16	C	5876	G	0	0	6	0	0	6	0	1	15	1	0	15	patho
TRNY	17	C	5875	G	0	1	2	3	0	3	0	3	4	3	0	4	
TRNY	22	T	5870	A	0	6	0	0	0	6	0	17	0	0	0	17	patho
TRNY	22	G	5870	C	0	6	0	0	0	6	0	17	0	0	0	17	patho
TRNY	22	C	5870	G	0	6	0	0	0	6	0	17	0	0	0	17	patho
TRNY	28	A	5864	T	0	0	0	0	6	6	0	0	0	0	17	17	patho
TRNY	28	T	5864	A	0	0	0	0	6	6	0	0	0	0	17	17	patho
TRNY	28	G	5864	C	0	0	0	0	6	6	0	0	0	0	17	17	patho
TRNY	29	A	5863	T	0	0	6	0	0	6	0	0	17	0	0	17	patho
TRNY	29	G	5863	C	0	0	6	0	0	6	0	0	17	0	0	17	patho
TRNY	29	C	5863	G	0	0	6	0	0	6	0	0	17	0	0	17	patho
TRNY	30	A	5862	T	0	0	0	6	0	6	0	0	0	17	0	17	patho
TRNY	30	T	5862	A	0	0	0	6	0	6	0	0	0	17	0	17	patho
TRNY	30	C	5862	G	0	0	0	6	0	6	0	0	0	17	0	17	patho
TRNY	31	A	5861	T	0	0	6	0	0	6	0	0	17	0	0	17	patho
TRNY	31	G	5861	C	0	0	6	0	0	6	0	0	17	0	0	17	patho
TRNY	31	C	5861	G	0	0	6	0	0	6	0	0	17	0	0	17	patho
TRNY	32	T	5860	A	0	6	0	0	0	6	0	17	0	0	0	17	patho
TRNY	32	G	5860	C	0	6	0	0	0	6	0	17	0	0	0	17	patho
TRNY	32	C	5860	G	0	6	0	0	0	6	0	17	0	0	0	17	patho
TRNY	33	T	5859	A	0	6	0	0	0	6	0	17	0	0	0	17	patho
TRNY	33	G	5859	C	0	6	0	0	0	6	0	17	0	0	0	17	patho
TRNY	33	C	5859	G	0	6	0	0	0	6	0	17	0	0	0	17	patho
TRNY	34	T	5858	A	0	6	0	0	0	6	0	17	0	0	0	17	patho
TRNY	34	G	5858	C	0	6	0	0	0	6	0	17	0	0	0	17	patho
TRNY	34	C	5858	G	0	6	0	0	0	6	0	17	0	0	0	17	patho
TRNY	40	T	5852	A	0	4	0	2	0	4	0	12	0	5	0	12	
TRNY	40	C	5852	G	0	4	0	2	0	4	0	12	0	5	0	12	
TRNY	41	T	5851	A	0	2	0	4	0	4	0	5	0	12	0	12	
TRNY	41	C	5851	G	0	2	0	4	0	4	0	5	0	12	0	12	
TRNY	42	T	5850	A	0	6	0	0	0	6	0	17	0	0	0	17	patho
TRNY	42	G	5850	C	0	6	0	0	0	6	0	17	0	0	0	17	patho
TRNY	42	C	5850	G	0	6	0	0	0	6	0	17	0	0	0	17	patho
TRNY	43	A	5849	T	0	0	0	0	6	6	0	0	3	0	14	14	
TRNY	43	G	5849	C	0	0	0	0	6	6	0	0	3	0	14	14	
TRNY	49	G	5843	C	0	0	5	0	1	5	0	2	14	0	1	14	
TRNY	51	C	5841	G	0	3	0	1	0	3	0	5	6	2	0	6	
TRNY	52	T	5840	A	0	3	0	2	0	3	0	11	0	3	0	11	
TRNY	52	C	5840	G	0	3	0	2	0	3	0	11	0	3	0	11	
TRNY	53	T	5839	A	0	1	0	5	0	5	0	8	0	8	1	8	
TRNY	66	T	5826	A	0	6	0	0	0	6	0	17	0	0	0	17	patho
TRNY	66	G	5826	C	0	6	0	0	0	6	0	17	0	0	0	17	patho
TRNY	66	C	5826	G	0	6	0	0	0	6	0	17	0	0	0	17	patho
TRNC	8	G	5819	C	0	6	0	0	0	6	0	16	1	0	0	16	patho
TRNC	8	C	5819	G	0	6	0	0	0	6	0	16	1	0	0	16	patho
TRNC	9	T	5818	A	0	0	0	6	0	6	0	3	0	14	0	14	
TRNC	9	C	5818	G	0	0	0	6	0	6	0	3	0	14	0	14	
TRNC	14	G	5813	C	0	1	5	0	0	5	0	5	12	0	0	12	
TRNC	14	C	5813	G	0	1	5	0	0	5	0	5	12	0	0	12	
TRNC	15	G	5812	C	0	0	6	0	0	6	0	2	15	0	0	15	patho
TRNC	15	C	5812	G	0	0	6	0	0	6	0	2	15	0	0	15	patho
TRNC	16	C	5811	G	0	0	4	2	0	4	0	3	11	3	0	11	
TRNC	21	T	5806	A	0	4	0	2	0	4	0	7	0	10	0	10	
TRNC	21	C	5806	G	0	4	0	2	0	4	0	7	0	10	0	10	
TRNC	27	A	5800	T	0	0	6	0	0	6	0	0	16	0	1	16	patho
TRNC	27	G	5800	C	0	0	6	0	0	6	0	0	16	0	1	16	patho
TRNC	28	A	5799	T	0	0	6	0	0	6	0	0	17	0	0	17	patho
TRNC	28	G	5799	C	0	0	6	0	0	6	0	0	17	0	0	17	patho
TRNC	28	C	5799	G	0	0	6	0	0	6	0	0	17	0	0	17	patho
TRNC	29	A	5798	T	0	0	0	6	0	6	0	0	0	17	0	17	patho
TRNC	29	T	5798	A	0	0	0	6	0	6	0	0	0	17	0	17	patho
TRNC	29	C	5798	G	0	0	0	6	0	6	0	0	0	17	0	17	patho
TRNC	30	A	5797	T	0	0	0	0	6	6	0	0	0	0	17	17	patho
TRNC	30	T	5797	A	0	0	0	0	6	6	0	0	0	0	17	17	patho
TRNC	30	G	5797	C	0	0	0	0	6	6	0	0	0	0	17	17	patho
TRNC	31	T	5796	A	0	6	0	0	0	6	0	17	0	0	0	17	patho
TRNC	31	G	5796	C	0	6	0	0	0	6	0	17	0	0	0	17	patho
TRNC	31	C	5796	G	0	6	0	0	0	6	0	17	0	0	0	17	patho
TRNC	32	T	5795	A	0	6	0	0	0	6	0	17	0	0	0	17	patho
TRNC	32	G	5795	C	0	6	0	0	0	6	0	17	0	0	0	17	patho
TRNC	32	C	5795	G	0	6	0	0	0	6	0	17	0	0	0	17	patho
TRNC	33	T	5794	A	0	6	0	0	0	6	0	15	0	2	0	15	patho
TRNC	33	C	5794	G	0	6	0	0	0	6	0	15	0	2	0	15	patho
TRNC	39	T	5788	A	0	6	0	0	0	6	0	17	0	0	0	17	patho
TRNC	39	G	5788	C	0	6	0	0	0	6	0	17	0	0	0	17	patho
TRNC	39	C	5788	G	0	6	0	0	0	6	0	17	0	0	0	17	patho
TRNC	40	A	5787	T	0	0	0	6	0	6	0	0	0	17	0	17	patho
TRNC	40	T	5787	A	0	0	0	6	0	6	0	0	0	17	0	17	patho
TRNC	40	C	5787	G	0	0	0	6	0	6	0	0	0	17	0	17	patho
TRNC	41	T	5786	A	0	4	0	2	0	4	0	8	0	9	0	9	
TRNC	41	C	5786	G	0	4	0	2	0	4	0	8	0	9	0	9	
TRNC	42	T	5785	A	0	6	0	0	0	6	0	17	0	0	0	17	patho
TRNC	42	G	5785	C	0	6	0	0	0	6	0	17	0	0	0	17	patho
TRNC	42	C	5785	G	0	6	0	0	0	6	0	17	0	0	0	17	patho
TRNC	48	A	5779	T	0	0	6	0	0	6	0	0	13	0	1	13	
TRNC	48	G	5779	C	0	0	6	0	0	6	0	0	13	0	1	13	
TRNC	49	G	5778	C	0	0	6	0	0	6	0	3	14	0	0	14	
TRNC	49	C	5778	G	0	0	6	0	0	6	0	3	14	0	0	14	
TRNC	51	T	5776	A	0	6	0	0	0	6	0	13	0	2	2	13	
TRNC	66	A	5761	T	0	0	6	0	0	6	0	0	17	0	0	17	patho
TRNC	66	G	5761	C	0	0	6	0	0	6	0	0	17	0	0	17	patho
TRNC	66	C	5761	G	0	0	6	0	0	6	0	0	17	0	0	17	patho
TRNN	8	T	5722	A	0	6	0	0	0	6	0	17	0	0	0	17	patho
TRNN	8	G	5722	C	0	6	0	0	0	6	0	17	0	0	0	17	patho
TRNN	8	C	5722	G	0	6	0	0	0	6	0	17	0	0	0	17	patho
TRNN	9	T	5721	A	0	6	0	0	0	6	0	16	0	1	0	16	patho
TRNN	9	C	5721	G	0	6	0	0	0	6	0	16	0	1	0	16	patho
TRNN	14	T	5716	A	0	2	0	4	0	4	0	2	0	15	0	15	patho
TRNN	14	C	5716	G	0	2	0	4	0	4	0	2	0	15	0	15	patho
TRNN	15	A	5715	T	0	0	5	0	1	5	0	0	16	0	1	16	patho
TRNN	15	G	5715	C	0	0	5	0	1	5	0	0	16	0	1	16	patho
TRNN	16	A	5714	T	0	0	6	0	0	6	0	0	16	0	1	16	patho
TRNN	16	G	5714	C	0	0	6	0	0	6	0	0	16	0	1	16	patho
TRNN	17	A	5713	T	0	0	0	6	0	6	0	0	0	17	0	17	patho
TRNN	17	T	5713	A	0	0	0	6	0	6	0	0	0	17	0	17	patho
TRNN	17	C	5713	G	0	0	0	6	0	6	0	0	0	17	0	17	patho
TRNN	19	G	5711	C	0	0	4	0	2	4	0	3	11	0	3	11	
TRNN	20	A	5710	T	0	0	6	0	0	6	0	0	17	0	0	17	patho
TRNN	20	G	5710	C	0	0	6	0	0	6	0	0	17	0	0	17	patho
TRNN	20	C	5710	G	0	0	6	0	0	6	0	0	17	0	0	17	patho
TRNN	21	T	5709	A	0	6	0	0	0	6	0	15	0	2	0	15	patho
TRNN	21	C	5709	G	0	6	0	0	0	6	0	15	0	2	0	15	patho
TRNN	26	C	5704	G	0	0	0	6	0	6	0	6	2	9	0	9	
TRNN	32	A	5698	T	0	0	0	0	6	6	0	0	0	0	17	17	patho
TRNN	32	T	5698	A	0	0	0	0	6	6	0	0	0	0	17	17	patho
TRNN	32	G	5698	C	0	0	0	0	6	6	0	0	0	0	17	17	patho
TRNN	33	A	5697	T	0	0	6	0	0	6	0	0	17	0	0	17	patho
TRNN	33	G	5697	C	0	0	6	0	0	6	0	0	17	0	0	17	patho
TRNN	33	C	5697	G	0	0	6	0	0	6	0	0	17	0	0	17	patho
TRNN	34	A	5696	T	0	0	0	6	0	6	0	0	0	17	0	17	patho
TRNN	34	T	5696	A	0	0	0	6	0	6	0	0	0	17	0	17	patho
TRNN	34	C	5696	G	0	0	0	6	0	6	0	0	0	17	0	17	patho
TRNN	35	A	5695	T	0	0	6	0	0	6	0	0	17	0	0	17	patho
TRNN	35	G	5695	C	0	0	6	0	0	6	0	0	17	0	0	17	patho
TRNN	35	C	5695	G	0	0	6	0	0	6	0	0	17	0	0	17	patho
TRNN	36	A	5694	T	0	0	6	0	0	6	0	0	17	0	0	17	patho
TRNN	36	G	5694	C	0	0	6	0	0	6	0	0	17	0	0	17	patho
TRNN	36	C	5694	G	0	0	6	0	0	6	0	0	17	0	0	17	patho
TRNN	37	T	5693	A	0	6	0	0	0	6	0	17	0	0	0	17	patho
TRNN	37	G	5693	C	0	6	0	0	0	6	0	17	0	0	0	17	patho
TRNN	37	C	5693	G	0	6	0	0	0	6	0	17	0	0	0	17	patho
TRNN	38	T	5692	A	0	6	0	0	0	6	0	17	0	0	0	17	patho
TRNN	38	G	5692	C	0	6	0	0	0	6	0	17	0	0	0	17	patho
TRNN	38	C	5692	G	0	6	0	0	0	6	0	17	0	0	0	17	patho
TRNN	44	A	5686	T	0	0	6	0	0	6	0	0	15	2	0	15	patho
TRNN	44	C	5686	G	0	0	6	0	0	6	0	0	15	2	0	15	patho
TRNN	45	A	5685	T	0	0	0	6	0	6	0	0	10	7	0	10	
TRNN	45	C	5685	G	0	0	0	6	0	6	0	0	10	7	0	10	
TRNN	46	A	5684	T	0	0	6	0	0	6	0	0	17	0	0	17	patho
TRNN	46	G	5684	C	0	0	6	0	0	6	0	0	17	0	0	17	patho
TRNN	46	C	5684	G	0	0	6	0	0	6	0	0	17	0	0	17	patho
TRNN	47	A	5683	T	0	0	6	0	0	6	0	0	17	0	0	17	patho
TRNN	47	G	5683	C	0	0	6	0	0	6	0	0	17	0	0	17	patho
TRNN	47	C	5683	G	0	0	6	0	0	6	0	0	17	0	0	17	patho
TRNN	48	A	5682	T	0	0	6	0	0	6	0	0	13	0	4	13	
TRNN	48	G	5682	C	0	0	6	0	0	6	0	0	13	0	4	13	
TRNN	54	A	5676	T	0	0	6	0	0	6	0	0	13	4	0	13	
TRNN	54	C	5676	G	0	0	6	0	0	6	0	0	13	4	0	13	
TRNN	55	A	5675	T	0	0	6	0	0	6	0	0	17	0	0	17	patho
TRNN	55	G	5675	C	0	0	6	0	0	6	0	0	17	0	0	17	patho
TRNN	55	C	5675	G	0	0	6	0	0	6	0	0	17	0	0	17	patho
TRNN	56	G	5674	C	0	0	6	0	0	6	0	1	14	0	2	14	
TRNN	57	T	5673	A	0	5	0	1	0	5	0	8	0	9	0	9	
TRNN	57	C	5673	G	0	5	0	1	0	5	0	8	0	9	0	9	
TRNN	58	T	5672	A	0	6	0	0	0	6	0	13	0	4	0	13	
TRNN	58	C	5672	G	0	6	0	0	0	6	0	13	0	4	0	13	
TRNN	59	T	5671	A	0	0	0	6	0	6	0	5	0	12	0	12	
TRNN	59	C	5671	G	0	0	0	6	0	6	0	5	0	12	0	12	
TRNN	60	A	5670	T	0	0	6	0	0	6	0	0	14	3	0	14	
TRNN	60	C	5670	G	0	0	6	0	0	6	0	0	14	3	0	14	
TRNN	73	A	5657	T	0	0	0	6	0	6	0	0	0	17	0	17	patho
TRNN	73	T	5657	A	0	0	0	6	0	6	0	0	0	17	0	17	patho
TRNN	73	C	5657	G	0	0	0	6	0	6	0	0	0	17	0	17	patho
TRNA	8	A	5648	T	0	0	6	0	0	6	0	0	17	0	0	17	patho
TRNA	8	G	5648	C	0	0	6	0	0	6	0	0	17	0	0	17	patho
TRNA	8	C	5648	G	0	0	6	0	0	6	0	0	17	0	0	17	patho
TRNA	9	T	5647	A	0	6	0	0	0	6	0	17	0	0	0	17	patho
TRNA	9	G	5647	C	0	6	0	0	0	6	0	17	0	0	0	17	patho
TRNA	9	C	5647	G	0	6	0	0	0	6	0	17	0	0	0	17	patho
TRNA	14	T	5642	A	0	6	0	0	0	6	0	17	0	0	0	17	patho
TRNA	14	G	5642	C	0	6	0	0	0	6	0	17	0	0	0	17	patho
TRNA	14	C	5642	G	0	6	0	0	0	6	0	17	0	0	0	17	patho
TRNA	15	T	5641	A	0	6	0	0	0	6	0	17	0	0	0	17	patho
TRNA	15	G	5641	C	0	6	0	0	0	6	0	17	0	0	0	17	patho
TRNA	15	C	5641	G	0	6	0	0	0	6	0	17	0	0	0	17	patho
TRNA	16	A	5640	T	0	0	6	0	0	6	0	0	17	0	0	17	patho
TRNA	16	G	5640	C	0	0	6	0	0	6	0	0	17	0	0	17	patho
TRNA	16	C	5640	G	0	0	6	0	0	6	0	0	17	0	0	17	patho
TRNA	17	A	5639	T	0	0	6	0	0	6	0	0	16	1	0	16	patho
TRNA	17	C	5639	G	0	0	6	0	0	6	0	0	16	1	0	16	patho
TRNA	18	T	5638	A	0	6	0	0	0	6	0	17	0	0	0	17	patho
TRNA	18	G	5638	C	0	6	0	0	0	6	0	17	0	0	0	17	patho
TRNA	18	C	5638	G	0	6	0	0	0	6	0	17	0	0	0	17	patho
TRNA	23	T	5633	A	0	0	0	6	0	6	0	5	0	12	0	12	
TRNA	23	C	5633	G	0	0	0	6	0	6	0	5	0	12	0	12	
TRNA	29	A	5627	T	0	0	6	0	0	6	0	0	17	0	0	17	patho
TRNA	29	G	5627	C	0	0	6	0	0	6	0	0	17	0	0	17	patho
TRNA	29	C	5627	G	0	0	6	0	0	6	0	0	17	0	0	17	patho
TRNA	30	A	5626	T	0	0	6	0	0	6	0	0	17	0	0	17	patho
TRNA	30	G	5626	C	0	0	6	0	0	6	0	0	17	0	0	17	patho
TRNA	30	C	5626	G	0	0	6	0	0	6	0	0	17	0	0	17	patho
TRNA	31	A	5625	T	0	0	6	0	0	6	0	0	17	0	0	17	patho
TRNA	31	G	5625	C	0	0	6	0	0	6	0	0	17	0	0	17	patho
TRNA	31	C	5625	G	0	0	6	0	0	6	0	0	17	0	0	17	patho
TRNA	32	A	5624	T	0	0	0	6	0	6	0	0	0	17	0	17	patho
TRNA	32	T	5624	A	0	0	0	6	0	6	0	0	0	17	0	17	patho
TRNA	32	C	5624	G	0	0	0	6	0	6	0	0	0	17	0	17	patho
TRNA	33	A	5623	T	0	0	0	0	6	6	0	0	0	0	17	17	patho
TRNA	33	T	5623	A	0	0	0	0	6	6	0	0	0	0	17	17	patho
TRNA	33	G	5623	C	0	0	0	0	6	6	0	0	0	0	17	17	patho
TRNA	34	T	5622	A	0	0	0	6	0	6	0	2	0	15	0	15	patho
TRNA	34	C	5622	G	0	0	0	6	0	6	0	2	0	15	0	15	patho
TRNA	35	A	5621	T	0	0	5	0	1	5	0	0	15	1	1	15	patho
TRNA	41	A	5615	T	0	0	6	0	0	6	0	0	17	0	0	17	patho
TRNA	41	G	5615	C	0	0	6	0	0	6	0	0	17	0	0	17	patho
TRNA	41	C	5615	G	0	0	6	0	0	6	0	0	17	0	0	17	patho
TRNA	42	A	5614	T	0	0	0	6	0	6	0	0	0	17	0	17	patho
TRNA	42	T	5614	A	0	0	0	6	0	6	0	0	0	17	0	17	patho
TRNA	42	C	5614	G	0	0	0	6	0	6	0	0	0	17	0	17	patho
TRNA	43	T	5613	A	0	6	0	0	0	6	0	17	0	0	0	17	patho
TRNA	43	G	5613	C	0	6	0	0	0	6	0	17	0	0	0	17	patho
TRNA	43	C	5613	G	0	6	0	0	0	6	0	17	0	0	0	17	patho
TRNA	44	A	5612	T	0	0	6	0	0	6	0	0	17	0	0	17	patho
TRNA	44	G	5612	C	0	0	6	0	0	6	0	0	17	0	0	17	patho
TRNA	44	C	5612	G	0	0	6	0	0	6	0	0	17	0	0	17	patho
TRNA	50	T	5606	A	0	0	0	6	0	6	0	3	0	14	0	14	
TRNA	50	C	5606	G	0	0	0	6	0	6	0	3	0	14	0	14	
TRNA	51	A	5605	T	0	0	5	0	1	5	0	0	14	0	2	14	
TRNA	51	G	5605	C	0	0	5	0	1	5	0	0	14	0	2	14	
TRNA	52	C	5604	G	0	1	0	5	0	5	0	7	1	8	0	8	
TRNA	53	C	5603	G	0	0	0	6	0	6	0	3	2	12	0	12	
TRNA	54	T	5602	A	0	0	0	6	0	6	0	5	0	12	0	12	
TRNA	54	C	5602	G	0	0	0	6	0	6	0	5	0	12	0	12	
TRNA	55	C	5601	G	0	0	0	6	0	6	0	2	4	11	0	11	
TRNA	56	A	5600	T	0	0	5	0	1	5	0	0	10	3	3	10	
TRNA	69	T	5587	A	0	6	0	0	0	6	0	16	0	1	0	16	patho
TRNA	69	C	5587	G	0	6	0	0	0	6	0	16	0	1	0	16	patho
TRNW	68	A	5579	A	0	0	0	6	0	6	0	0	0	17	0	17	patho
TRNW	68	T	5579	T	0	0	0	6	0	6	0	0	0	17	0	17	patho
TRNW	68	C	5579	C	0	0	0	6	0	6	0	0	0	17	0	17	patho
TRNW	54	G	5565	G	0	6	0	0	0	6	0	12	2	0	2	12	
TRNW	46	G	5557	G	0	0	3	0	3	3	0	2	11	0	4	11	
TRNW	45	A	5556	A	0	0	0	6	0	6	0	0	0	17	0	17	patho
TRNW	45	T	5556	T	0	0	0	6	0	6	0	0	0	17	0	17	patho
TRNW	45	C	5556	C	0	0	0	6	0	6	0	0	0	17	0	17	patho
TRNW	44	T	5555	T	0	6	0	0	0	6	0	17	0	0	0	17	patho
TRNW	44	G	5555	G	0	6	0	0	0	6	0	17	0	0	0	17	patho
TRNW	44	C	5555	C	0	6	0	0	0	6	0	17	0	0	0	17	patho
TRNW	43	G	5554	G	0	0	1	0	5	5	0	4	5	0	8	8	
TRNW	37	T	5548	T	0	6	0	0	0	6	0	17	0	0	0	17	patho
TRNW	37	G	5548	G	0	6	0	0	0	6	0	17	0	0	0	17	patho
TRNW	37	C	5548	C	0	6	0	0	0	6	0	17	0	0	0	17	patho
TRNW	36	T	5547	T	0	6	0	0	0	6	0	17	0	0	0	17	patho
TRNW	36	G	5547	G	0	6	0	0	0	6	0	17	0	0	0	17	patho
TRNW	36	C	5547	C	0	6	0	0	0	6	0	17	0	0	0	17	patho
TRNW	35	T	5546	T	0	6	0	0	0	6	0	17	0	0	0	17	patho
TRNW	35	G	5546	G	0	6	0	0	0	6	0	17	0	0	0	17	patho
TRNW	35	C	5546	C	0	6	0	0	0	6	0	17	0	0	0	17	patho
TRNW	34	A	5545	A	0	0	0	0	6	6	0	0	0	0	17	17	patho
TRNW	34	T	5545	T	0	0	0	0	6	6	0	0	0	0	17	17	patho
TRNW	34	G	5545	G	0	0	0	0	6	6	0	0	0	0	17	17	patho
TRNW	33	A	5544	A	0	0	6	0	0	6	0	0	17	0	0	17	patho
TRNW	33	G	5544	G	0	0	6	0	0	6	0	0	17	0	0	17	patho
TRNW	33	C	5544	C	0	0	6	0	0	6	0	0	17	0	0	17	patho
TRNW	32	A	5543	A	0	0	6	0	0	6	0	0	17	0	0	17	patho
TRNW	32	G	5543	G	0	0	6	0	0	6	0	0	17	0	0	17	patho
TRNW	32	C	5543	C	0	0	6	0	0	6	0	0	17	0	0	17	patho
TRNW	31	A	5542	A	0	0	0	0	6	6	0	0	0	0	17	17	patho
TRNW	31	T	5542	T	0	0	0	0	6	6	0	0	0	0	17	17	patho
TRNW	31	G	5542	G	0	0	0	0	6	6	0	0	0	0	17	17	patho
TRNW	25	T	5536	T	0	6	0	0	0	6	0	14	0	3	0	14	
TRNW	25	C	5536	C	0	6	0	0	0	6	0	14	0	3	0	14	
TRNW	20	T	5531	T	0	6	0	0	0	6	0	12	0	0	0	12	
TRNW	20	G	5531	G	0	6	0	0	0	6	0	12	0	0	0	12	
TRNW	20	C	5531	C	0	6	0	0	0	6	0	12	0	0	0	12	
TRNW	19	G	5530	G	0	0	1	0	5	5	0	4	3	0	9	9	
TRNW	18	T	5529	T	0	6	0	0	0	6	0	13	0	1	2	13	
TRNW	17	G	5528	G	0	0	1	0	5	5	0	2	4	0	11	11	
TRNW	16	T	5527	T	0	3	0	1	0	3	0	11	0	1	0	11	
TRNW	16	C	5527	C	0	3	0	1	0	3	0	11	0	1	0	11	
TRNW	15	C	5526	C	0	5	0	0	0	5	0	12	1	1	0	12	
TRNW	14	T	5525	T	0	6	0	0	0	6	0	17	0	0	0	17	patho
TRNW	14	G	5525	G	0	6	0	0	0	6	0	17	0	0	0	17	patho
TRNW	14	C	5525	C	0	6	0	0	0	6	0	17	0	0	0	17	patho
TRNW	9	T	5520	T	0	6	0	0	0	6	0	17	0	0	0	17	patho
TRNW	9	G	5520	G	0	6	0	0	0	6	0	17	0	0	0	17	patho
TRNW	9	C	5520	C	0	6	0	0	0	6	0	17	0	0	0	17	patho
TRNW	8	A	5519	A	0	0	6	0	0	6	0	0	17	0	0	17	patho
TRNW	8	G	5519	G	0	0	6	0	0	6	0	0	17	0	0	17	patho
TRNW	8	C	5519	C	0	0	6	0	0	6	0	0	17	0	0	17	patho
TRNM	68	T	4469	T	0	6	0	0	0	6	0	17	0	0	0	17	patho
TRNM	68	G	4469	G	0	6	0	0	0	6	0	17	0	0	0	17	patho
TRNM	68	C	4469	C	0	6	0	0	0	6	0	17	0	0	0	17	patho
TRNM	55	A	4456	A	0	0	1	0	5	5	0	0	9	0	8	9	
TRNM	55	G	4456	G	0	0	1	0	5	5	0	0	9	0	8	9	
TRNM	54	T	4455	T	0	6	0	0	0	6	0	17	0	0	0	17	patho
TRNM	54	G	4455	G	0	6	0	0	0	6	0	17	0	0	0	17	patho
TRNM	54	C	4455	C	0	6	0	0	0	6	0	17	0	0	0	17	patho
TRNM	53	G	4454	G	0	0	3	0	3	3	0	2	9	0	6	9	
TRNM	52	T	4453	T	0	6	0	0	0	6	0	16	0	0	1	16	patho
TRNM	52	G	4453	G	0	6	0	0	0	6	0	16	0	0	1	16	patho
TRNM	51	A	4452	A	0	0	5	0	1	5	0	0	12	0	5	12	
TRNM	51	G	4452	G	0	0	5	0	1	5	0	0	12	0	5	12	
TRNM	50	A	4451	A	0	0	6	0	0	6	0	0	17	0	0	17	patho
TRNM	50	G	4451	G	0	0	6	0	0	6	0	0	17	0	0	17	patho
TRNM	50	C	4451	C	0	0	6	0	0	6	0	0	17	0	0	17	patho
TRNM	44	A	4445	A	0	0	6	0	0	6	0	0	17	0	0	17	patho
TRNM	44	G	4445	G	0	0	6	0	0	6	0	0	17	0	0	17	patho
TRNM	44	C	4445	C	0	0	6	0	0	6	0	0	17	0	0	17	patho
TRNM	43	T	4444	T	0	6	0	0	0	6	0	17	0	0	0	17	patho
TRNM	43	G	4444	G	0	6	0	0	0	6	0	17	0	0	0	17	patho
TRNM	43	C	4444	C	0	6	0	0	0	6	0	17	0	0	0	17	patho
TRNM	42	T	4443	T	0	6	0	0	0	6	0	17	0	0	0	17	patho
TRNM	42	G	4443	G	0	6	0	0	0	6	0	17	0	0	0	17	patho
TRNM	42	C	4443	C	0	6	0	0	0	6	0	17	0	0	0	17	patho
TRNM	41	T	4442	T	0	6	0	0	0	6	0	17	0	0	0	17	patho
TRNM	41	G	4442	G	0	6	0	0	0	6	0	17	0	0	0	17	patho
TRNM	41	C	4442	C	0	6	0	0	0	6	0	17	0	0	0	17	patho
TRNM	35	A	4436	A	0	0	0	0	6	6	0	0	0	0	17	17	patho
TRNM	35	T	4436	T	0	0	0	0	6	6	0	0	0	0	17	17	patho
TRNM	35	G	4436	G	0	0	0	0	6	6	0	0	0	0	17	17	patho
TRNM	34	T	4435	T	0	6	0	0	0	6	0	17	0	0	0	17	patho
TRNM	34	G	4435	G	0	6	0	0	0	6	0	17	0	0	0	17	patho
TRNM	34	C	4435	C	0	6	0	0	0	6	0	17	0	0	0	17	patho
TRNM	33	A	4434	A	0	0	6	0	0	6	0	0	17	0	0	17	patho
TRNM	33	G	4434	G	0	0	6	0	0	6	0	0	17	0	0	17	patho
TRNM	33	C	4434	C	0	0	6	0	0	6	0	0	17	0	0	17	patho
TRNM	32	T	4433	T	0	6	0	0	0	6	0	17	0	0	0	17	patho
TRNM	32	G	4433	G	0	6	0	0	0	6	0	17	0	0	0	17	patho
TRNM	32	C	4433	C	0	6	0	0	0	6	0	17	0	0	0	17	patho
TRNM	31	A	4432	A	0	0	0	0	6	6	0	0	0	0	17	17	patho
TRNM	31	T	4432	T	0	0	0	0	6	6	0	0	0	0	17	17	patho
TRNM	31	G	4432	G	0	0	0	0	6	6	0	0	0	0	17	17	patho
TRNM	30	A	4431	A	0	0	0	0	6	6	0	0	0	0	17	17	patho
TRNM	30	T	4431	T	0	0	0	0	6	6	0	0	0	0	17	17	patho
TRNM	30	G	4431	G	0	0	0	0	6	6	0	0	0	0	17	17	patho
TRNM	29	A	4430	A	0	0	0	0	6	6	0	0	0	0	17	17	patho
TRNM	29	T	4430	T	0	0	0	0	6	6	0	0	0	0	17	17	patho
TRNM	29	G	4430	G	0	0	0	0	6	6	0	0	0	0	17	17	patho
TRNM	23	T	4424	T	0	6	0	0	0	6	0	17	0	0	0	17	patho
TRNM	23	G	4424	G	0	6	0	0	0	6	0	17	0	0	0	17	patho
TRNM	23	C	4424	C	0	6	0	0	0	6	0	17	0	0	0	17	patho
TRNM	18	T	4419	T	0	6	0	0	0	6	0	17	0	0	0	17	patho
TRNM	18	G	4419	G	0	6	0	0	0	6	0	17	0	0	0	17	patho
TRNM	18	C	4419	C	0	6	0	0	0	6	0	17	0	0	0	17	patho
TRNM	17	A	4418	A	0	0	6	0	0	6	0	0	13	0	4	13	
TRNM	17	G	4418	G	0	0	6	0	0	6	0	0	13	0	4	13	
TRNM	16	T	4417	T	0	6	0	0	0	6	0	17	0	0	0	17	patho
TRNM	16	G	4417	G	0	6	0	0	0	6	0	17	0	0	0	17	patho
TRNM	16	C	4417	C	0	6	0	0	0	6	0	17	0	0	0	17	patho
TRNM	15	T	4416	T	0	6	0	0	0	6	0	17	0	0	0	17	patho
TRNM	15	G	4416	G	0	6	0	0	0	6	0	17	0	0	0	17	patho
TRNM	15	C	4416	C	0	6	0	0	0	6	0	17	0	0	0	17	patho
TRNM	14	T	4415	T	0	6	0	0	0	6	0	17	0	0	0	17	patho
TRNM	14	G	4415	G	0	6	0	0	0	6	0	17	0	0	0	17	patho
TRNM	14	C	4415	C	0	6	0	0	0	6	0	17	0	0	0	17	patho
TRNM	9	A	4410	A	0	0	0	0	6	6	0	0	0	0	17	17	patho
TRNM	9	T	4410	T	0	0	0	0	6	6	0	0	0	0	17	17	patho
TRNM	9	G	4410	G	0	0	0	0	6	6	0	0	0	0	17	17	patho
TRNM	8	A	4409	A	0	0	6	0	0	6	0	0	17	0	0	17	patho
TRNM	8	G	4409	G	0	0	6	0	0	6	0	0	17	0	0	17	patho
TRNM	8	C	4409	C	0	0	6	0	0	6	0	0	17	0	0	17	patho
TRNQ	8	C	4393	G	0	0	0	6	0	6	0	2	4	11	0	11	
TRNQ	9	C	4392	G	0	0	0	6	0	6	0	3	1	13	0	13	
TRNQ	14	T	4387	A	0	0	0	6	0	6	0	6	0	11	0	11	
TRNQ	14	C	4387	G	0	0	0	6	0	6	0	6	0	11	0	11	
TRNQ	15	G	4386	C	0	6	0	0	0	6	0	12	5	0	0	12	
TRNQ	15	C	4386	G	0	6	0	0	0	6	0	12	5	0	0	12	
TRNQ	16	A	4385	T	0	0	5	0	1	5	0	0	11	2	2	11	
TRNQ	17	T	4384	A	0	4	0	2	0	4	0	8	0	7	0	8	
TRNQ	17	C	4384	G	0	4	0	2	0	4	0	8	0	7	0	8	
TRNQ	18	A	4383	T	0	0	0	6	0	6	0	0	0	17	0	17	patho
TRNQ	18	T	4383	A	0	0	0	6	0	6	0	0	0	17	0	17	patho
TRNQ	18	C	4383	G	0	0	0	6	0	6	0	0	0	17	0	17	patho
TRNQ	19	A	4382	T	0	0	0	6	0	6	0	0	0	17	0	17	patho
TRNQ	19	T	4382	A	0	0	0	6	0	6	0	0	0	17	0	17	patho
TRNQ	19	C	4382	G	0	0	0	6	0	6	0	0	0	17	0	17	patho
TRNQ	20	A	4381	T	0	0	6	0	0	6	0	0	17	0	0	17	patho
TRNQ	20	G	4381	C	0	0	6	0	0	6	0	0	17	0	0	17	patho
TRNQ	20	C	4381	G	0	0	6	0	0	6	0	0	17	0	0	17	patho
TRNQ	21	T	4380	A	0	0	0	6	0	6	0	10	0	7	0	10	
TRNQ	21	C	4380	G	0	0	0	6	0	6	0	10	0	7	0	10	
TRNQ	26	A	4375	T	0	0	0	6	0	6	0	0	0	17	0	17	patho
TRNQ	26	T	4375	A	0	0	0	6	0	6	0	0	0	17	0	17	patho
TRNQ	26	C	4375	G	0	0	0	6	0	6	0	0	0	17	0	17	patho
TRNQ	33	A	4368	T	0	0	6	0	0	6	0	0	17	0	0	17	patho
TRNQ	33	G	4368	C	0	0	6	0	0	6	0	0	17	0	0	17	patho
TRNQ	33	C	4368	G	0	0	6	0	0	6	0	0	17	0	0	17	patho
TRNQ	34	A	4367	T	0	0	6	0	0	6	0	0	17	0	0	17	patho
TRNQ	34	G	4367	C	0	0	6	0	0	6	0	0	17	0	0	17	patho
TRNQ	34	C	4367	G	0	0	6	0	0	6	0	0	17	0	0	17	patho
TRNQ	35	A	4366	T	0	0	6	0	0	6	0	0	17	0	0	17	patho
TRNQ	35	G	4366	C	0	0	6	0	0	6	0	0	17	0	0	17	patho
TRNQ	35	C	4366	G	0	0	6	0	0	6	0	0	17	0	0	17	patho
TRNQ	36	A	4365	T	0	0	0	6	0	6	0	0	0	17	0	17	patho
TRNQ	36	T	4365	A	0	0	0	6	0	6	0	0	0	17	0	17	patho
TRNQ	36	C	4365	G	0	0	0	6	0	6	0	0	0	17	0	17	patho
TRNQ	37	T	4364	A	0	0	0	6	0	6	0	5	0	12	0	12	
TRNQ	37	C	4364	G	0	0	0	6	0	6	0	5	0	12	0	12	
TRNQ	38	T	4363	A	0	6	0	0	0	6	0	13	0	4	0	13	
TRNQ	38	C	4363	G	0	6	0	0	0	6	0	13	0	4	0	13	
TRNQ	44	T	4357	A	0	6	0	0	0	6	0	17	0	0	0	17	patho
TRNQ	44	G	4357	C	0	6	0	0	0	6	0	17	0	0	0	17	patho
TRNQ	44	C	4357	G	0	6	0	0	0	6	0	17	0	0	0	17	patho
TRNQ	45	T	4356	A	0	0	0	6	0	6	0	3	0	14	0	14	
TRNQ	45	C	4356	G	0	0	0	6	0	6	0	3	0	14	0	14	
TRNQ	46	A	4355	T	0	0	0	6	0	6	0	0	0	17	0	17	patho
TRNQ	46	T	4355	A	0	0	0	6	0	6	0	0	0	17	0	17	patho
TRNQ	46	C	4355	G	0	0	0	6	0	6	0	0	0	17	0	17	patho
TRNQ	47	C	4354	G	0	0	0	6	0	6	0	6	1	10	0	10	
TRNQ	53	A	4348	T	0	0	6	0	0	6	0	0	17	0	0	17	patho
TRNQ	53	G	4348	C	0	0	6	0	0	6	0	0	17	0	0	17	patho
TRNQ	53	C	4348	G	0	0	6	0	0	6	0	0	17	0	0	17	patho
TRNQ	54	A	4347	T	0	0	6	0	0	6	0	0	17	0	0	17	patho
TRNQ	54	G	4347	C	0	0	6	0	0	6	0	0	17	0	0	17	patho
TRNQ	54	C	4347	G	0	0	6	0	0	6	0	0	17	0	0	17	patho
TRNQ	55	A	4346	T	0	0	0	0	6	6	0	0	0	0	17	17	patho
TRNQ	55	T	4346	A	0	0	0	0	6	6	0	0	0	0	17	17	patho
TRNQ	55	G	4346	C	0	0	0	0	6	6	0	0	0	0	17	17	patho
TRNQ	56	T	4345	A	0	3	0	3	0	3	0	6	0	11	0	11	
TRNQ	56	C	4345	G	0	3	0	3	0	3	0	6	0	11	0	11	
TRNQ	57	T	4344	A	0	6	0	0	0	6	0	17	0	0	0	17	patho
TRNQ	57	G	4344	C	0	6	0	0	0	6	0	17	0	0	0	17	patho
TRNQ	57	C	4344	G	0	6	0	0	0	6	0	17	0	0	0	17	patho
TRNQ	58	A	4343	T	0	0	4	0	2	4	0	0	12	2	3	12	
TRNI	69	T	4331	T	0	6	0	0	0	6	0	17	0	0	0	17	patho
TRNI	69	G	4331	G	0	6	0	0	0	6	0	17	0	0	0	17	patho
TRNI	69	C	4331	C	0	6	0	0	0	6	0	17	0	0	0	17	patho
TRNQ	72	A	4329	T	0	0	0	6	0	6	0	0	0	17	0	17	patho
TRNQ	72	T	4329	A	0	0	0	6	0	6	0	0	0	17	0	17	patho
TRNQ	72	C	4329	G	0	0	0	6	0	6	0	0	0	17	0	17	patho
TRNI	56	A	4318	A	0	0	4	0	2	4	0	0	11	0	6	11	
TRNI	56	G	4318	G	0	0	4	0	2	4	0	0	11	0	6	11	
TRNI	55	T	4317	T	0	6	0	0	0	6	0	15	0	2	0	15	patho
TRNI	55	C	4317	C	0	6	0	0	0	6	0	15	0	2	0	15	patho
TRNI	54	T	4316	T	0	6	0	0	0	6	0	17	0	0	0	17	patho
TRNI	54	G	4316	G	0	6	0	0	0	6	0	17	0	0	0	17	patho
TRNI	54	C	4316	C	0	6	0	0	0	6	0	17	0	0	0	17	patho
TRNI	52	G	4314	G	0	0	5	0	1	5	0	1	10	0	6	10	
TRNI	51	A	4313	A	0	0	4	0	2	4	0	0	8	2	7	8	
TRNI	44	A	4306	A	0	0	6	0	0	6	0	0	17	0	0	17	patho
TRNI	44	G	4306	G	0	0	6	0	0	6	0	0	17	0	0	17	patho
TRNI	44	C	4306	C	0	0	6	0	0	6	0	0	17	0	0	17	patho
TRNI	43	T	4305	T	0	6	0	0	0	6	0	17	0	0	0	17	patho
TRNI	43	G	4305	G	0	6	0	0	0	6	0	17	0	0	0	17	patho
TRNI	43	C	4305	C	0	6	0	0	0	6	0	17	0	0	0	17	patho
TRNI	42	G	4304	G	0	6	0	0	0	6	0	15	1	0	1	15	patho
TRNI	40	T	4302	T	0	6	0	0	0	6	0	17	0	0	0	17	patho
TRNI	40	G	4302	G	0	6	0	0	0	6	0	17	0	0	0	17	patho
TRNI	40	C	4302	C	0	6	0	0	0	6	0	17	0	0	0	17	patho
TRNI	34	A	4296	A	0	0	0	6	0	6	0	0	0	17	0	17	patho
TRNI	34	T	4296	T	0	0	0	6	0	6	0	0	0	17	0	17	patho
TRNI	34	C	4296	C	0	0	0	6	0	6	0	0	0	17	0	17	patho
TRNI	33	T	4295	T	0	6	0	0	0	6	0	16	0	1	0	16	patho
TRNI	33	C	4295	C	0	6	0	0	0	6	0	16	0	1	0	16	patho
TRNI	32	A	4294	A	0	0	6	0	0	6	0	0	17	0	0	17	patho
TRNI	32	G	4294	G	0	0	6	0	0	6	0	0	17	0	0	17	patho
TRNI	32	C	4294	C	0	0	6	0	0	6	0	0	17	0	0	17	patho
TRNI	31	T	4293	T	0	6	0	0	0	6	0	17	0	0	0	17	patho
TRNI	31	G	4293	G	0	6	0	0	0	6	0	17	0	0	0	17	patho
TRNI	31	C	4293	C	0	6	0	0	0	6	0	17	0	0	0	17	patho
TRNI	30	A	4292	A	0	0	0	6	0	6	0	0	0	17	0	17	patho
TRNI	30	T	4292	T	0	0	0	6	0	6	0	0	0	17	0	17	patho
TRNI	30	C	4292	C	0	0	0	6	0	6	0	0	0	17	0	17	patho
TRNI	29	A	4291	A	0	0	6	0	0	6	0	0	17	0	0	17	patho
TRNI	29	G	4291	G	0	0	6	0	0	6	0	0	17	0	0	17	patho
TRNI	29	C	4291	C	0	0	6	0	0	6	0	0	17	0	0	17	patho
TRNI	28	A	4290	A	0	0	6	0	0	6	0	0	17	0	0	17	patho
TRNI	28	G	4290	G	0	0	6	0	0	6	0	0	17	0	0	17	patho
TRNI	28	C	4290	C	0	0	6	0	0	6	0	0	17	0	0	17	patho
TRNI	22	T	4284	T	0	2	0	4	0	4	0	5	0	12	0	12	
TRNI	22	C	4284	C	0	2	0	4	0	4	0	5	0	12	0	12	
TRNI	17	T	4279	T	0	6	0	0	0	6	0	17	0	0	0	17	patho
TRNI	17	G	4279	G	0	6	0	0	0	6	0	17	0	0	0	17	patho
TRNI	17	C	4279	C	0	6	0	0	0	6	0	17	0	0	0	17	patho
TRNI	16	T	4278	T	0	6	0	0	0	6	0	16	0	1	0	16	patho
TRNI	16	C	4278	C	0	6	0	0	0	6	0	16	0	1	0	16	patho
TRNI	15	A	4277	A	0	0	4	0	2	4	0	0	6	0	11	11	
TRNI	15	G	4277	G	0	0	4	0	2	4	0	0	6	0	11	11	
TRNI	14	T	4276	T	0	6	0	0	0	6	0	17	0	0	0	17	patho
TRNI	14	G	4276	G	0	6	0	0	0	6	0	17	0	0	0	17	patho
TRNI	14	C	4276	C	0	6	0	0	0	6	0	17	0	0	0	17	patho
TRNI	9	A	4271	A	0	0	0	6	0	6	0	0	0	17	0	17	patho
TRNI	9	T	4271	T	0	0	0	6	0	6	0	0	0	17	0	17	patho
TRNI	9	C	4271	C	0	0	0	6	0	6	0	0	0	17	0	17	patho
TRNI	8	A	4270	A	0	0	6	0	0	6	0	0	16	0	1	16	patho
TRNI	8	G	4270	G	0	0	6	0	0	6	0	0	16	0	1	16	patho
TRNV	69	T	1670	T	0	6	0	0	0	6	0	17	0	0	0	17	patho
TRNV	69	G	1670	G	0	6	0	0	0	6	0	17	0	0	0	17	patho
TRNV	69	C	1670	C	0	6	0	0	0	6	0	17	0	0	0	17	patho
TRNV	56	G	1657	G	0	0	0	0	6	6	0	2	1	0	14	14	
TRNV	55	T	1656	T	0	6	0	0	0	6	0	13	0	1	0	13	
TRNV	55	C	1656	C	0	6	0	0	0	6	0	13	0	1	0	13	
TRNV	54	G	1655	G	0	6	0	0	0	6	0	9	2	0	3	9	
TRNV	53	G	1654	G	0	0	1	0	5	5	0	3	4	0	8	8	
TRNV	52	G	1653	G	0	0	6	0	0	6	0	5	9	0	1	9	
TRNV	51	G	1652	G	0	0	2	0	4	4	0	2	5	0	8	8	
TRNV	45	A	1646	A	0	0	6	0	0	6	0	0	17	0	0	17	patho
TRNV	45	G	1646	G	0	0	6	0	0	6	0	0	17	0	0	17	patho
TRNV	45	C	1646	C	0	0	6	0	0	6	0	0	17	0	0	17	patho
TRNV	44	T	1645	T	0	6	0	0	0	6	0	17	0	0	0	17	patho
TRNV	44	G	1645	G	0	6	0	0	0	6	0	17	0	0	0	17	patho
TRNV	44	C	1645	C	0	6	0	0	0	6	0	17	0	0	0	17	patho
TRNV	43	T	1644	T	0	0	0	6	0	6	0	2	0	15	0	15	patho
TRNV	43	C	1644	C	0	0	0	6	0	6	0	2	0	15	0	15	patho
TRNV	42	T	1643	T	0	6	0	0	0	6	0	17	0	0	0	17	patho
TRNV	42	G	1643	G	0	6	0	0	0	6	0	17	0	0	0	17	patho
TRNV	42	C	1643	C	0	6	0	0	0	6	0	17	0	0	0	17	patho
TRNV	36	A	1637	A	0	0	0	0	6	6	0	0	0	0	17	17	patho
TRNV	36	T	1637	T	0	0	0	0	6	6	0	0	0	0	17	17	patho
TRNV	36	G	1637	G	0	0	0	0	6	6	0	0	0	0	17	17	patho
TRNV	35	T	1636	T	0	6	0	0	0	6	0	17	0	0	0	17	patho
TRNV	35	G	1636	G	0	6	0	0	0	6	0	17	0	0	0	17	patho
TRNV	35	C	1636	C	0	6	0	0	0	6	0	17	0	0	0	17	patho
TRNV	34	A	1635	A	0	0	0	0	6	6	0	0	0	0	17	17	patho
TRNV	34	T	1635	T	0	0	0	0	6	6	0	0	0	0	17	17	patho
TRNV	34	G	1635	G	0	0	0	0	6	6	0	0	0	0	17	17	patho
TRNV	33	T	1634	T	0	6	0	0	0	6	0	17	0	0	0	17	patho
TRNV	33	G	1634	G	0	6	0	0	0	6	0	17	0	0	0	17	patho
TRNV	33	C	1634	C	0	6	0	0	0	6	0	17	0	0	0	17	patho
TRNV	32	A	1633	A	0	0	6	0	0	6	0	0	17	0	0	17	patho
TRNV	32	G	1633	G	0	0	6	0	0	6	0	0	17	0	0	17	patho
TRNV	32	C	1633	C	0	0	6	0	0	6	0	0	17	0	0	17	patho
TRNV	31	A	1632	A	0	0	6	0	0	6	0	0	13	0	4	13	
TRNV	31	G	1632	G	0	0	6	0	0	6	0	0	13	0	4	13	
TRNV	30	A	1631	A	0	0	0	0	6	6	0	0	0	0	17	17	patho
TRNV	30	T	1631	T	0	0	0	0	6	6	0	0	0	0	17	17	patho
TRNV	30	G	1631	G	0	0	0	0	6	6	0	0	0	0	17	17	patho
TRNV	24	T	1625	T	0	6	0	0	0	6	0	17	0	0	0	17	patho
TRNV	24	G	1625	G	0	6	0	0	0	6	0	17	0	0	0	17	patho
TRNV	24	C	1625	C	0	6	0	0	0	6	0	17	0	0	0	17	patho
TRNV	19	T	1620	T	0	6	0	0	0	6	0	16	0	0	0	16	patho
TRNV	19	G	1620	G	0	6	0	0	0	6	0	16	0	0	0	16	patho
TRNV	19	C	1620	C	0	6	0	0	0	6	0	16	0	0	0	16	patho
TRNV	18	G	1619	G	0	0	2	0	4	4	0	2	6	0	9	9	
TRNV	17	G	1618	G	0	6	0	0	0	6	0	12	2	0	3	12	
TRNV	15	T	1616	T	0	6	0	0	0	6	0	11	0	0	0	11	
TRNV	15	G	1616	G	0	6	0	0	0	6	0	11	0	0	0	11	
TRNV	15	C	1616	C	0	6	0	0	0	6	0	11	0	0	0	11	
TRNV	14	T	1615	T	0	6	0	0	0	6	0	14	0	0	0	14	
TRNV	14	G	1615	G	0	6	0	0	0	6	0	14	0	0	0	14	
TRNV	14	C	1615	C	0	6	0	0	0	6	0	14	0	0	0	14	
TRNV	9	T	1610	T	0	6	0	0	0	6	0	17	0	0	0	17	patho
TRNV	9	G	1610	G	0	6	0	0	0	6	0	17	0	0	0	17	patho
TRNV	9	C	1610	C	0	6	0	0	0	6	0	17	0	0	0	17	patho
TRNV	8	A	1609	A	0	0	6	0	0	6	0	0	17	0	0	17	patho
TRNV	8	G	1609	G	0	0	6	0	0	6	0	0	17	0	0	17	patho
TRNV	8	C	1609	C	0	0	6	0	0	6	0	0	17	0	0	17	patho
TRNF	71	T	647	T	0	6	0	0	0	6	0	17	0	0	0	17	patho
TRNF	71	G	647	G	0	6	0	0	0	6	0	17	0	0	0	17	patho
TRNF	71	C	647	C	0	6	0	0	0	6	0	17	0	0	0	17	patho
TRNF	58	A	634	A	0	0	4	0	0	4	0	0	4	0	1	4	
TRNF	58	G	634	G	0	0	4	0	0	4	0	0	4	0	1	4	
TRNF	57	T	633	T	0	6	0	0	0	6	0	12	0	0	2	12	
TRNF	57	G	633	G	0	6	0	0	0	6	0	12	0	0	2	12	
TRNF	56	G	632	G	0	0	1	0	5	5	0	3	1	0	11	11	
TRNF	55	C	631	C	0	6	0	0	0	6	0	8	3	3	0	8	
TRNF	54	G	630	G	0	0	2	0	4	4	0	1	5	0	9	9	
TRNF	48	A	624	A	0	0	1	0	5	5	0	0	8	0	9	9	
TRNF	48	G	624	G	0	0	1	0	5	5	0	0	8	0	9	9	
TRNF	47	T	623	T	0	6	0	0	0	6	0	17	0	0	0	17	patho
TRNF	47	G	623	G	0	6	0	0	0	6	0	17	0	0	0	17	patho
TRNF	47	C	623	C	0	6	0	0	0	6	0	17	0	0	0	17	patho
TRNF	46	A	622	A	0	0	0	6	0	6	0	0	0	17	0	17	patho
TRNF	46	T	622	T	0	0	0	6	0	6	0	0	0	17	0	17	patho
TRNF	46	C	622	C	0	0	0	6	0	6	0	0	0	17	0	17	patho
TRNF	45	T	621	T	0	1	0	0	5	5	0	12	0	0	5	12	
TRNF	45	G	621	G	0	1	0	0	5	5	0	12	0	0	5	12	
TRNF	39	T	615	T	0	6	0	0	0	6	0	17	0	0	0	17	patho
TRNF	39	G	615	G	0	6	0	0	0	6	0	17	0	0	0	17	patho
TRNF	39	C	615	C	0	6	0	0	0	6	0	17	0	0	0	17	patho
TRNF	38	T	614	T	0	6	0	0	0	6	0	17	0	0	0	17	patho
TRNF	38	G	614	G	0	6	0	0	0	6	0	17	0	0	0	17	patho
TRNF	38	C	614	C	0	6	0	0	0	6	0	17	0	0	0	17	patho
TRNF	37	T	613	T	0	6	0	0	0	6	0	17	0	0	0	17	patho
TRNF	37	G	613	G	0	6	0	0	0	6	0	17	0	0	0	17	patho
TRNF	37	C	613	C	0	6	0	0	0	6	0	17	0	0	0	17	patho
TRNF	36	T	612	T	0	6	0	0	0	6	0	17	0	0	0	17	patho
TRNF	36	G	612	G	0	6	0	0	0	6	0	17	0	0	0	17	patho
TRNF	36	C	612	C	0	6	0	0	0	6	0	17	0	0	0	17	patho
TRNF	35	A	611	A	0	0	0	6	0	6	0	0	0	17	0	17	patho
TRNF	35	T	611	T	0	0	0	6	0	6	0	0	0	17	0	17	patho
TRNF	35	C	611	C	0	0	0	6	0	6	0	0	0	17	0	17	patho
TRNF	34	A	610	A	0	0	6	0	0	6	0	0	17	0	0	17	patho
TRNF	34	G	610	G	0	0	6	0	0	6	0	0	17	0	0	17	patho
TRNF	34	C	610	C	0	0	6	0	0	6	0	0	17	0	0	17	patho
TRNF	33	A	609	A	0	0	0	0	6	6	0	0	0	0	17	17	patho
TRNF	33	T	609	T	0	0	0	0	6	6	0	0	0	0	17	17	patho
TRNF	33	G	609	G	0	0	0	0	6	6	0	0	0	0	17	17	patho
TRNF	27	T	603	T	0	6	0	0	0	6	0	16	0	1	0	16	patho
TRNF	27	C	603	C	0	6	0	0	0	6	0	16	0	1	0	16	patho
TRNF	22	T	598	T	0	6	0	0	0	6	0	17	0	0	0	17	patho
TRNF	22	G	598	G	0	6	0	0	0	6	0	17	0	0	0	17	patho
TRNF	22	C	598	C	0	6	0	0	0	6	0	17	0	0	0	17	patho
TRNF	21	G	597	G	0	0	1	0	5	5	0	1	2	0	11	11	
TRNF	20	A	596	A	0	0	3	0	3	3	0	0	3	0	9	9	
TRNF	20	G	596	G	0	0	3	0	3	3	0	0	3	0	9	9	
TRNF	19	A	595	A	0	0	2	0	4	4	0	0	3	0	13	13	
TRNF	19	G	595	G	0	0	2	0	4	4	0	0	3	0	13	13	
TRNF	18	G	594	G	0	2	0	0	4	4	0	6	5	0	4	6	
TRNF	16	G	592	G	0	0	0	0	6	6	0	6	2	0	9	9	
TRNF	14	T	590	T	0	6	0	0	0	6	0	17	0	0	0	17	patho
TRNF	14	G	590	G	0	6	0	0	0	6	0	17	0	0	0	17	patho
TRNF	14	C	590	C	0	6	0	0	0	6	0	17	0	0	0	17	patho
TRNF	9	T	585	T	0	6	0	0	0	6	0	17	0	0	0	17	patho
TRNF	9	G	585	G	0	6	0	0	0	6	0	17	0	0	0	17	patho
TRNF	9	C	585	C	0	6	0	0	0	6	0	17	0	0	0	17	patho
TRNF	8	A	584	A	0	0	6	0	0	6	0	0	17	0	0	17	patho
TRNF	8	G	584	G	0	0	6	0	0	6	0	0	17	0	0	17	patho
TRNF	8	C	584	C	0	0	6	0	0	6	0	0	17	0	0	17	patho
TRNL1	75	T	74	T	0	6	0	0	0	6	0	17	0	0	0	17	patho
TRNL1	75	G	74	G	0	6	0	0	0	6	0	17	0	0	0	17	patho
TRNL1	75	C	74	C	0	6	0	0	0	6	0	17	0	0	0	17	patho
TRNL1	62	A	61	A	0	0	6	0	0	6	0	0	14	0	3	14	
TRNL1	62	G	61	G	0	0	6	0	0	6	0	0	14	0	3	14	
TRNL1	61	G	60	G	0	0	4	0	2	4	0	1	6	0	10	10	
TRNL1	60	T	59	T	0	6	0	0	0	6	0	17	0	0	0	17	patho
TRNL1	60	G	59	G	0	6	0	0	0	6	0	17	0	0	0	17	patho
TRNL1	60	C	59	C	0	6	0	0	0	6	0	17	0	0	0	17	patho
TRNL1	59	T	58	T	0	6	0	0	0	6	0	16	0	1	0	16	patho
TRNL1	59	C	58	C	0	6	0	0	0	6	0	16	0	1	0	16	patho
TRNL1	58	A	57	A	0	0	0	0	6	6	0	0	0	0	17	17	patho
TRNL1	58	T	57	T	0	0	0	0	6	6	0	0	0	0	17	17	patho
TRNL1	58	G	57	G	0	0	0	0	6	6	0	0	0	0	17	17	patho
TRNL1	57	A	56	A	0	0	6	0	0	6	0	0	16	0	0	16	patho
TRNL1	57	G	56	G	0	0	6	0	0	6	0	0	16	0	0	16	patho
TRNL1	57	C	56	C	0	0	6	0	0	6	0	0	16	0	0	16	patho
TRNL1	56	A	55	A	0	0	6	0	0	6	0	0	17	0	0	17	patho
TRNL1	56	G	55	G	0	0	6	0	0	6	0	0	17	0	0	17	patho
TRNL1	56	C	55	C	0	0	6	0	0	6	0	0	17	0	0	17	patho
TRNL1	50	A	49	A	0	0	0	0	6	6	0	0	0	0	17	17	patho
TRNL1	50	T	49	T	0	0	0	0	6	6	0	0	0	0	17	17	patho
TRNL1	50	G	49	G	0	0	0	0	6	6	0	0	0	0	17	17	patho
TRNL1	49	G	48	G	0	0	6	0	0	6	0	1	14	0	2	14	
TRNL1	47	C	46	C	0	6	0	0	0	6	0	15	1	1	0	15	patho
TRNL1	46	G	45	G	0	0	1	0	5	5	0	2	8	0	7	8	
TRNL1	40	T	39	T	0	4	0	2	0	4	0	15	0	2	0	15	patho
TRNL1	40	C	39	C	0	4	0	2	0	4	0	15	0	2	0	15	patho
TRNL1	39	T	38	T	0	6	0	0	0	6	0	13	0	4	0	13	
TRNL1	39	C	38	C	0	6	0	0	0	6	0	13	0	4	0	13	
TRNL1	38	T	37	T	0	6	0	0	0	6	0	17	0	0	0	17	patho
TRNL1	38	G	37	G	0	6	0	0	0	6	0	17	0	0	0	17	patho
TRNL1	38	C	37	C	0	6	0	0	0	6	0	17	0	0	0	17	patho
TRNL1	37	T	36	T	0	6	0	0	0	6	0	17	0	0	0	17	patho
TRNL1	37	G	36	G	0	6	0	0	0	6	0	17	0	0	0	17	patho
TRNL1	37	C	36	C	0	6	0	0	0	6	0	17	0	0	0	17	patho
TRNL1	36	A	35	A	0	0	6	0	0	6	0	0	17	0	0	17	patho
TRNL1	36	G	35	G	0	0	6	0	0	6	0	0	17	0	0	17	patho
TRNL1	36	C	35	C	0	0	6	0	0	6	0	0	17	0	0	17	patho
TRNL1	35	A	34	A	0	0	6	0	0	6	0	0	17	0	0	17	patho
TRNL1	35	G	34	G	0	0	6	0	0	6	0	0	17	0	0	17	patho
TRNL1	35	C	34	C	0	0	6	0	0	6	0	0	17	0	0	17	patho
TRNL1	34	A	33	A	0	0	2	0	4	4	0	0	3	0	14	14	
TRNL1	34	G	33	G	0	0	2	0	4	4	0	0	3	0	14	14	
TRNL1	28	T	27	T	0	6	0	0	0	6	0	16	0	0	1	16	patho
TRNL1	28	G	27	G	0	6	0	0	0	6	0	16	0	0	1	16	patho
TRNL1	23	T	22	T	0	6	0	0	0	6	0	17	0	0	0	17	patho
TRNL1	23	G	22	G	0	6	0	0	0	6	0	17	0	0	0	17	patho
TRNL1	23	C	22	C	0	6	0	0	0	6	0	17	0	0	0	17	patho
TRNL1	22	T	21	T	0	6	0	0	0	6	0	16	0	0	1	16	patho
TRNL1	22	G	21	G	0	6	0	0	0	6	0	16	0	0	1	16	patho
TRNL1	21	A	20	A	0	0	6	0	0	6	0	0	11	0	6	11	
TRNL1	21	G	20	G	0	0	6	0	0	6	0	0	11	0	6	11	
TRNL1	20	A	19	A	0	0	0	6	0	6	0	0	0	17	0	17	patho
TRNL1	20	T	19	T	0	0	0	6	0	6	0	0	0	17	0	17	patho
TRNL1	20	C	19	C	0	0	0	6	0	6	0	0	0	17	0	17	patho
TRNL1	19	A	18	A	0	0	0	6	0	6	0	0	0	17	0	17	patho
TRNL1	19	T	18	T	0	0	0	6	0	6	0	0	0	17	0	17	patho
TRNL1	19	C	18	C	0	0	0	6	0	6	0	0	0	17	0	17	patho
TRNL1	18	A	17	A	0	0	0	0	6	6	0	0	1	0	16	16	patho
TRNL1	18	G	17	G	0	0	0	0	6	6	0	0	1	0	16	16	patho
TRNL1	17	A	16	A	0	0	0	0	6	6	0	0	0	0	17	17	patho
TRNL1	17	T	16	T	0	0	0	0	6	6	0	0	0	0	17	17	patho
TRNL1	17	G	16	G	0	0	0	0	6	6	0	0	0	0	17	17	patho
TRNL1	16	A	15	A	0	0	0	0	6	6	0	0	0	0	17	17	patho
TRNL1	16	T	15	T	0	0	0	0	6	6	0	0	0	0	17	17	patho
TRNL1	16	G	15	G	0	0	0	0	6	6	0	0	0	0	17	17	patho
TRNL1	15	A	14	A	0	0	0	6	0	6	0	0	0	17	0	17	patho
TRNL1	15	T	14	T	0	0	0	6	0	6	0	0	0	17	0	17	patho
TRNL1	15	C	14	C	0	0	0	6	0	6	0	0	0	17	0	17	patho
TRNL1	14	T	13	T	0	6	0	0	0	6	0	17	0	0	0	17	patho
TRNL1	14	G	13	G	0	6	0	0	0	6	0	17	0	0	0	17	patho
TRNL1	14	C	13	C	0	6	0	0	0	6	0	17	0	0	0	17	patho
TRNL1	9	A	8	A	0	0	0	6	0	6	0	0	0	17	0	17	patho
TRNL1	9	T	8	T	0	0	0	6	0	6	0	0	0	17	0	17	patho
TRNL1	9	C	8	C	0	0	0	6	0	6	0	0	0	17	0	17	patho
TRNL1	8	A	7	A	0	0	6	0	0	6	0	0	17	0	0	17	patho
TRNL1	8	G	7	G	0	0	6	0	0	6	0	0	17	0	0	17	patho
TRNL1	8	C	7	C	0	0	6	0	0	6	0	0	17	0	0	17	patho
