tRNA	Position in the tRNA	Mutant nucleotide	"Position in the ""Cambridge"" sequence"	"Mutant nucleotide in the ""Cambridge"" sequence"	Number of primates with the mutant nucleotides	Number of primates with the WC compensation of the mutant nucleotide	Number of primates with T	Number of primates with G	Number of primates with C	Number of primates with the most frequent nucleotide	Number of mammals with the mutant nucleotides	Number of mammals with A	Number of mammals with T	Number of mammals with G	Number of mammals with C	Number of mammals with the most frequent nucleotide	
TRNP	10	A	16014	T	0	0	0	17	0	17	1	1	0	132	0	132	patho
TRNP	10	T	16014	A	0	0	0	17	0	17	0	1	0	132	0	132	patho
TRNP	10	C	16014	G	0	0	0	17	0	17	0	1	0	132	0	132	patho
TRNP	13	A	16011	T	0	0	17	0	0	17	1	1	132	0	0	132	patho
TRNP	13	G	16011	C	0	0	17	0	0	17	0	1	132	0	0	132	patho
TRNP	13	C	16011	G	0	0	17	0	0	17	0	1	132	0	0	132	patho
TRNP	20	A	16004	T	0	0	0	17	0	17	0	0	0	133	0	133	patho
TRNP	20	T	16004	A	0	0	0	17	0	17	0	0	0	133	0	133	patho
TRNP	20	C	16004	G	0	0	0	17	0	17	0	0	0	133	0	133	patho
TRNE	6	C	14737	G	0	0	17	0	0	17	8	0	129	0	8	129	
TRNE	6	A	14737	T	0	0	17	0	0	17	0	0	129	0	8	129	patho
TRNE	6	G	14737	C	0	0	17	0	0	17	0	0	129	0	8	129	patho
TRNE	60	A	14683	T	0	0	17	0	0	17	2	2	128	3	4	128	
TRNE	60	G	14683	C	0	0	17	0	0	17	3	2	128	3	4	128	
TRNE	60	C	14683	G	0	0	17	0	0	17	4	2	128	3	4	128	
TRND	64	A	7581	A	0	0	17	0	0	17	0	0	107	0	31	107	
TRND	64	G	7581	G	0	0	17	0	0	17	0	0	107	0	31	107	
TRND	64	C	7581	C	0	0	17	0	0	17	31	0	107	0	31	107	
TRNY	13	A	5879	T	0	0	0	17	0	17	0	0	0	138	0	138	patho
TRNY	13	T	5879	A	0	0	0	17	0	17	0	0	0	138	0	138	patho
TRNY	13	C	5879	G	0	0	0	17	0	17	0	0	0	138	0	138	patho
TRNC	10	A	5817	T	0	0	0	17	0	17	1	1	1	134	0	134	patho
TRNC	10	T	5817	A	0	0	0	17	0	17	1	1	1	134	0	134	patho
TRNC	10	C	5817	G	0	0	0	17	0	17	0	1	1	134	0	134	patho
TRNC	62	A	5765	T	0	0	0	17	0	17	4	4	0	133	0	133	patho
TRNC	62	T	5765	A	0	0	0	17	0	17	0	4	0	133	0	133	patho
TRNC	62	C	5765	G	0	0	0	17	0	17	0	4	0	133	0	133	patho
TRNN	10	A	5720	T	0	0	0	17	0	17	7	7	0	131	0	131	
TRNN	10	T	5720	A	0	0	0	17	0	17	0	7	0	131	0	131	patho
TRNN	10	C	5720	G	0	0	0	17	0	17	0	7	0	131	0	131	patho
TRNN	13	T	5717	A	0	17	0	0	0	17	5	128	5	5	0	128	
TRNN	13	G	5717	C	0	17	0	0	0	17	5	128	5	5	0	128	
TRNN	13	C	5717	G	0	17	0	0	0	17	0	128	5	5	0	128	
TRNN	49	A	5681	T	0	0	0	17	0	17	8	8	0	130	0	130	
TRNN	49	T	5681	A	0	0	0	17	0	17	0	8	0	130	0	130	patho
TRNN	49	C	5681	G	0	0	0	17	0	17	0	8	0	130	0	130	patho
TRNA	10	A	5646	T	0	0	0	17	0	17	1	1	0	136	0	136	patho
TRNA	10	T	5646	A	0	0	0	17	0	17	0	1	0	136	0	136	patho
TRNA	10	C	5646	G	0	0	0	17	0	17	0	1	0	136	0	136	patho
TRNA	40	A	5616	T	0	0	17	0	0	17	23	23	95	12	7	95	
TRNA	40	G	5616	C	0	0	17	0	0	17	12	23	95	12	7	95	
TRNA	40	C	5616	G	0	0	17	0	0	17	7	23	95	12	7	95	
TRNA	64	C	5592	G	0	0	17	0	0	17	8	0	129	0	8	129	
TRNA	64	A	5592	T	0	0	17	0	0	17	0	0	129	0	8	129	patho
TRNA	64	G	5592	C	0	0	17	0	0	17	0	0	129	0	8	129	patho
TRNW	28	T	5539	T	0	17	0	0	0	17	0	94	0	43	0	94	
TRNW	28	G	5539	G	0	17	0	0	0	17	43	94	0	43	0	94	
TRNW	28	C	5539	C	0	17	0	0	0	17	0	94	0	43	0	94	
TRNW	21	A	5532	A	0	0	0	17	0	17	0	0	0	138	0	138	patho
TRNW	21	T	5532	T	0	0	0	17	0	17	0	0	0	138	0	138	patho
TRNW	21	C	5532	C	0	0	0	17	0	17	0	0	0	138	0	138	patho
TRNW	13	A	5524	A	0	0	17	0	0	17	0	0	138	0	0	138	patho
TRNW	13	G	5524	G	0	0	17	0	0	17	0	0	138	0	0	138	patho
TRNW	13	C	5524	C	0	0	17	0	0	17	0	0	138	0	0	138	patho
TRNM	63	A	4464	A	0	0	0	17	0	17	58	58	2	76	2	76	
TRNM	63	T	4464	T	0	0	0	17	0	17	2	58	2	76	2	76	
TRNM	63	C	4464	C	0	0	0	17	0	17	2	58	2	76	2	76	
TRNM	59	A	4460	A	0	0	17	0	0	17	0	0	138	0	0	138	patho
TRNM	59	G	4460	G	0	0	17	0	0	17	0	0	138	0	0	138	patho
TRNM	59	C	4460	C	0	0	17	0	0	17	0	0	138	0	0	138	patho
TRNM	58	C	4459	C	0	0	17	0	0	17	6	1	131	0	6	131	
TRNM	58	A	4459	A	0	0	17	0	0	17	1	1	131	0	6	131	patho
TRNM	58	G	4459	G	0	0	17	0	0	17	0	1	131	0	6	131	patho
TRNM	46	A	4447	A	0	0	17	0	0	17	0	0	138	0	0	138	patho
TRNM	46	G	4447	G	0	0	17	0	0	17	0	0	138	0	0	138	patho
TRNM	46	C	4447	C	0	0	17	0	0	17	0	0	138	0	0	138	patho
TRNM	5	T	4406	T	0	17	0	0	0	17	0	138	0	0	0	138	patho
TRNM	5	G	4406	G	0	17	0	0	0	17	0	138	0	0	0	138	patho
TRNM	5	C	4406	C	0	17	0	0	0	17	0	138	0	0	0	138	patho
TRNQ	22	A	4379	T	0	0	0	17	0	17	17	17	0	118	2	118	
TRNQ	22	T	4379	A	0	0	0	17	0	17	0	17	0	118	2	118	
TRNQ	22	C	4379	G	0	0	0	17	0	17	2	17	0	118	2	118	
TRNI	58	T	4320	T	0	0	0	0	17	17	2	0	2	0	136	136	patho
TRNI	58	A	4320	A	0	0	0	0	17	17	0	0	2	0	136	136	patho
TRNI	58	G	4320	G	0	0	0	0	17	17	0	0	2	0	136	136	patho
TRNI	18	T	4280	T	0	17	0	0	0	17	2	135	2	0	1	135	patho
TRNI	18	C	4280	C	0	17	0	0	0	17	1	135	2	0	1	135	patho
TRNI	18	G	4280	G	0	17	0	0	0	17	0	135	2	0	1	135	patho
TRNI	13	A	4275	A	0	0	0	17	0	17	0	0	0	138	0	138	patho
TRNI	13	T	4275	T	0	0	0	17	0	17	0	0	0	138	0	138	patho
TRNI	13	C	4275	C	0	0	0	17	0	17	0	0	0	138	0	138	patho
TRNL1	33	G	32	G	0	17	0	0	0	17	3	134	1	3	0	134	patho
TRNL1	33	T	32	T	0	17	0	0	0	17	1	134	1	3	0	134	patho
TRNL1	33	C	32	C	0	17	0	0	0	17	0	134	1	3	0	134	patho
TRNL1	13	A	12	A	0	0	0	17	0	17	4	4	0	134	0	134	patho
TRNL1	13	T	12	T	0	0	0	17	0	17	0	4	0	134	0	134	patho
TRNL1	13	C	12	C	0	0	0	17	0	17	0	4	0	134	0	134	patho
TRNL1	12	T	11	T	0	17	0	0	0	17	0	138	0	0	0	138	patho
TRNL1	12	G	11	G	0	17	0	0	0	17	0	138	0	0	0	138	patho
TRNL1	12	C	11	C	0	17	0	0	0	17	0	138	0	0	0	138	patho
TRNP	23	A	16001	T	0	0	16	0	1	16	0	0	115	0	18	115	
TRNP	23	G	16001	C	0	0	16	0	1	16	0	0	115	0	18	115	
TRNP	23	C	16001	G	1	0	16	0	1	16	18	0	115	0	18	115	
TRNP	59	A	15965	T	0	0	16	0	1	16	0	0	124	0	10	124	
TRNP	59	G	15965	C	0	0	16	0	1	16	0	0	124	0	10	124	
TRNP	59	C	15965	G	1	0	16	0	1	16	10	0	124	0	10	124	
TRNS2	17	G	12223	G	1	16	0	1	0	16	4	133	0	4	1	133	patho
TRNS2	17	C	12223	C	0	16	0	1	0	16	1	133	0	4	1	133	patho
TRNS2	17	T	12223	T	0	16	0	1	0	16	0	133	0	4	1	133	patho
TRNR	59	A	10463	A	1	1	16	0	0	16	21	21	93	7	17	93	
TRNR	59	G	10463	G	0	1	16	0	0	16	7	21	93	7	17	93	
TRNR	59	C	10463	C	0	1	16	0	0	16	17	21	93	7	17	93	
TRNG	19	A	10009	A	1	1	0	16	0	16	7	7	0	131	0	131	
TRNG	19	T	10009	T	0	1	0	16	0	16	0	7	0	131	0	131	patho
TRNG	19	C	10009	C	0	1	0	16	0	16	0	7	0	131	0	131	patho
TRNG	13	C	10003	C	1	0	16	0	1	16	6	1	131	0	6	131	
TRNG	13	A	10003	A	0	0	16	0	1	16	1	1	131	0	6	131	patho
TRNG	13	G	10003	G	0	0	16	0	1	16	0	1	131	0	6	131	patho
TRNS1	60	A	7455	T	0	0	16	0	1	16	0	0	127	0	11	127	
TRNS1	60	G	7455	C	0	0	16	0	1	16	0	0	127	0	11	127	
TRNS1	60	C	7455	G	1	0	16	0	1	16	11	0	127	0	11	127	
TRNY	37	A	5855	T	0	0	16	0	1	16	0	0	118	0	20	118	
TRNY	37	G	5855	C	0	0	16	0	1	16	0	0	118	0	20	118	
TRNY	37	C	5855	G	1	0	16	0	1	16	20	0	118	0	20	118	
TRNC	23	A	5804	T	0	0	16	0	1	16	0	0	121	0	16	121	
TRNC	23	G	5804	C	0	0	16	0	1	16	0	0	121	0	16	121	
TRNC	23	C	5804	G	1	0	16	0	1	16	16	0	121	0	16	121	
TRNN	22	A	5708	T	1	1	0	16	0	16	29	29	4	105	0	105	
TRNN	22	T	5708	A	0	1	0	16	0	16	4	29	4	105	0	105	
TRNN	22	C	5708	G	0	1	0	16	0	16	0	29	4	105	0	105	
TRNN	25	A	5705	T	0	0	16	0	1	16	1	1	118	0	19	118	
TRNN	25	G	5705	C	0	0	16	0	1	16	0	1	118	0	19	118	
TRNN	25	C	5705	G	1	0	16	0	1	16	19	1	118	0	19	118	
TRNA	22	A	5634	T	0	0	16	0	1	16	1	1	110	0	26	110	
TRNA	22	G	5634	C	0	0	16	0	1	16	0	1	110	0	26	110	
TRNA	22	C	5634	G	1	0	16	0	1	16	26	1	110	0	26	110	
TRNM	47	C	4448	C	1	0	16	0	1	16	6	1	131	0	6	131	
TRNM	47	A	4448	A	0	0	16	0	1	16	1	1	131	0	6	131	patho
TRNM	47	G	4448	G	0	0	16	0	1	16	0	1	131	0	6	131	patho
TRNQ	13	A	4388	T	0	0	16	0	1	16	2	2	133	1	1	133	patho
TRNQ	13	G	4388	C	0	0	16	0	1	16	1	2	133	1	1	133	patho
TRNQ	13	C	4388	G	1	0	16	0	1	16	1	2	133	1	1	133	patho
TRNQ	51	A	4350	T	1	1	0	16	0	16	1	1	0	135	1	135	patho
TRNQ	51	C	4350	G	0	1	0	16	0	16	1	1	0	135	1	135	patho
TRNQ	51	T	4350	A	0	1	0	16	0	16	0	1	0	135	1	135	patho
TRNL1	41	A	40	A	0	0	1	0	16	16	0	0	45	0	93	93	
TRNL1	41	T	40	T	1	0	1	0	16	16	45	0	45	0	93	93	
TRNL1	41	G	40	G	0	0	1	0	16	16	0	0	45	0	93	93	
TRNL1	24	A	23	A	0	0	16	0	1	16	4	4	122	2	10	122	
TRNL1	24	G	23	G	0	0	16	0	1	16	2	4	122	2	10	122	
TRNL1	24	C	23	C	1	0	16	0	1	16	10	4	122	2	10	122	
TRNP	46	A	15978	T	2	2	0	15	0	15	15	15	0	117	0	117	
TRNP	46	T	15978	A	0	2	0	15	0	15	0	15	0	117	0	117	
TRNP	46	C	15978	G	0	2	0	15	0	15	0	15	0	117	0	117	
TRNT	39	T	15926	T	2	0	2	0	15	15	4	0	4	0	133	133	patho
TRNT	39	A	15926	A	0	0	2	0	15	15	0	0	4	0	133	133	patho
TRNT	39	G	15926	G	0	0	2	0	15	15	0	0	4	0	133	133	patho
TRNE	1	A	14742	T	2	2	0	15	0	15	15	15	0	122	0	122	
TRNE	1	T	14742	A	0	2	0	15	0	15	0	15	0	122	0	122	
TRNE	1	C	14742	G	0	2	0	15	0	15	0	15	0	122	0	122	
TRNE	37	A	14706	T	0	0	15	0	2	15	0	0	108	0	29	108	
TRNE	37	G	14706	C	0	0	15	0	2	15	0	0	108	0	29	108	
TRNE	37	C	14706	G	2	0	15	0	2	15	29	0	108	0	29	108	
TRNE	47	C	14696	G	2	0	15	0	2	15	7	0	130	0	7	130	
TRNE	47	A	14696	T	0	0	15	0	2	15	0	0	130	0	7	130	patho
TRNE	47	G	14696	C	0	0	15	0	2	15	0	0	130	0	7	130	patho
TRNS2	14	T	12220	T	2	15	2	0	0	15	3	126	3	9	0	126	
TRNS2	14	G	12220	G	0	15	2	0	0	15	9	126	3	9	0	126	
TRNS2	14	C	12220	C	0	15	2	0	0	15	0	126	3	9	0	126	
TRNH	47	T	12184	T	0	15	0	2	0	15	0	111	0	27	0	111	
TRNH	47	G	12184	G	2	15	0	2	0	15	27	111	0	27	0	111	
TRNH	47	C	12184	C	0	15	0	2	0	15	0	111	0	27	0	111	
TRNN	5	C	5725	G	2	0	15	0	2	15	7	0	131	0	7	131	
TRNN	5	A	5725	T	0	0	15	0	2	15	0	0	131	0	7	131	patho
TRNN	5	G	5725	C	0	0	15	0	2	15	0	0	131	0	7	131	patho
TRNA	58	C	5598	G	2	0	15	0	2	15	7	0	130	0	7	130	
TRNA	58	A	5598	T	0	0	15	0	2	15	0	0	130	0	7	130	patho
TRNA	58	G	5598	C	0	0	15	0	2	15	0	0	130	0	7	130	patho
TRND	4	A	7521	A	14	14	0	3	0	14	96	96	0	42	0	96	
TRND	4	T	7521	T	0	14	0	3	0	14	0	96	0	42	0	96	
TRND	4	C	7521	C	0	14	0	3	0	14	0	96	0	42	0	96	
TRNS1	46	A	7469	T	3	3	0	14	0	14	37	37	0	101	0	101	
TRNS1	46	T	7469	A	0	3	0	14	0	14	0	37	0	101	0	101	
TRNS1	46	C	7469	G	0	3	0	14	0	14	0	37	0	101	0	101	
TRNS1	47	A	7468	T	3	3	0	14	0	14	22	22	0	116	0	116	
TRNS1	47	T	7468	A	0	3	0	14	0	14	0	22	0	116	0	116	
TRNS1	47	C	7468	G	0	3	0	14	0	14	0	22	0	116	0	116	
TRNS1	59	C	7456	G	3	0	14	0	3	14	4	0	134	0	4	134	patho
TRNS1	59	A	7456	T	0	0	14	0	3	14	0	0	134	0	4	134	patho
TRNS1	59	G	7456	C	0	0	14	0	3	14	0	0	134	0	4	134	patho
TRNY	18	T	5874	A	1	14	1	2	0	14	5	129	5	4	0	129	
TRNY	18	G	5874	C	2	14	1	2	0	14	4	129	5	4	0	129	patho
TRNY	18	C	5874	G	0	14	1	2	0	14	0	129	5	4	0	129	patho
TRNC	20	A	5807	T	0	0	14	0	3	14	0	0	91	0	46	91	
TRNC	20	G	5807	C	0	0	14	0	3	14	0	0	91	0	46	91	
TRNC	20	C	5807	G	3	0	14	0	3	14	46	0	91	0	46	91	
TRNC	47	A	5780	T	0	0	3	0	14	14	11	11	19	1	106	106	
TRNC	47	T	5780	A	3	0	3	0	14	14	19	11	19	1	106	106	
TRNC	47	G	5780	C	0	0	3	0	14	14	1	11	19	1	106	106	
TRNQ	6	A	4395	T	0	0	14	0	3	14	1	1	123	0	13	123	
TRNQ	6	G	4395	C	0	0	14	0	3	14	0	1	123	0	13	123	
TRNQ	6	C	4395	G	3	0	14	0	3	14	13	1	123	0	13	123	
TRNI	48	G	4310	G	14	3	0	14	0	14	133	5	0	133	0	133	
TRNI	48	T	4310	T	0	3	0	14	0	14	0	5	0	133	0	133	patho
TRNI	48	C	4310	C	0	3	0	14	0	14	0	5	0	133	0	133	patho
TRNL1	25	T	24	T	14	0	14	0	3	14	135	0	135	0	3	135	
TRNL1	25	A	24	A	0	0	14	0	3	14	0	0	135	0	3	135	patho
TRNL1	25	G	24	G	0	0	14	0	3	14	0	0	135	0	3	135	patho
TRNE	27	A	14716	T	2	2	2	13	0	13	70	70	2	65	0	70	
TRNE	27	T	14716	A	2	2	2	13	0	13	2	70	2	65	0	70	
TRNE	27	C	14716	G	0	2	2	13	0	13	0	70	2	65	0	70	
TRNE	59	A	14684	T	13	13	0	4	0	13	126	126	0	11	0	126	
TRNE	59	T	14684	A	0	13	0	4	0	13	0	126	0	11	0	126	
TRNE	59	C	14684	G	0	13	0	4	0	13	0	126	0	11	0	126	
TRNS1	1	A	7514	T	4	4	0	13	0	13	43	43	0	95	0	95	
TRNS1	1	T	7514	A	0	4	0	13	0	13	0	43	0	95	0	95	
TRNS1	1	C	7514	G	0	4	0	13	0	13	0	43	0	95	0	95	
TRNS1	25	A	7490	T	0	0	13	0	4	13	0	0	125	0	13	125	
TRNS1	25	G	7490	C	0	0	13	0	4	13	0	0	125	0	13	125	
TRNS1	25	C	7490	G	4	0	13	0	4	13	13	0	125	0	13	125	
TRNN	6	C	5724	G	4	0	13	0	4	13	4	0	134	0	4	134	patho
TRNN	6	A	5724	T	0	0	13	0	4	13	0	0	134	0	4	134	patho
TRNN	6	G	5724	C	0	0	13	0	4	13	0	0	134	0	4	134	patho
TRNN	65	A	5665	T	0	0	13	0	4	13	0	0	32	0	106	106	
TRNN	65	G	5665	C	0	0	13	0	4	13	0	0	32	0	106	106	
TRNN	65	C	5665	G	4	0	13	0	4	13	106	0	32	0	106	106	
TRNA	5	A	5651	T	4	4	0	13	0	13	80	80	2	55	0	80	
TRNA	5	T	5651	A	0	4	0	13	0	13	2	80	2	55	0	80	
TRNA	5	C	5651	G	0	4	0	13	0	13	0	80	2	55	0	80	
TRNQ	61	C	4340	G	13	0	4	0	13	13	132	1	4	0	132	132	
TRNQ	61	A	4340	T	0	0	4	0	13	13	1	1	4	0	132	132	patho
TRNQ	61	G	4340	C	0	0	4	0	13	13	0	1	4	0	132	132	patho
TRNQ	65	T	4336	A	0	13	0	4	0	13	62	59	62	14	2	62	
TRNQ	65	G	4336	C	4	13	0	4	0	13	14	59	62	14	2	62	
TRNQ	65	C	4336	G	0	13	0	4	0	13	2	59	62	14	2	62	
TRNP	60	A	15964	T	0	0	12	0	5	12	0	0	44	0	90	90	
TRNP	60	G	15964	C	0	0	12	0	5	12	0	0	44	0	90	90	
TRNP	60	C	15964	G	5	0	12	0	5	12	90	0	44	0	90	90	
TRNT	27	T	15914	T	0	5	0	12	0	12	0	9	0	128	0	128	
TRNT	27	G	15914	G	12	5	0	12	0	12	128	9	0	128	0	128	
TRNT	27	C	15914	C	0	5	0	12	0	12	0	9	0	128	0	128	
TRNL2	30	A	12295	A	0	0	12	0	5	12	0	0	120	0	18	120	
TRNL2	30	G	12295	G	0	0	12	0	5	12	0	0	120	0	18	120	
TRNL2	30	C	12295	C	5	0	12	0	5	12	18	0	120	0	18	120	
TRNR	6	A	10410	A	12	12	3	0	2	12	73	73	41	5	19	73	
TRNR	6	G	10410	G	0	12	3	0	2	12	5	73	41	5	19	73	
TRNR	6	C	10410	C	2	12	3	0	2	12	19	73	41	5	19	73	
TRNS1	68	A	7447	T	0	0	12	0	5	12	0	0	128	0	10	128	
TRNS1	68	G	7447	C	0	0	12	0	5	12	0	0	128	0	10	128	
TRNS1	68	C	7447	G	5	0	12	0	5	12	10	0	128	0	10	128	
TRNY	25	A	5867	T	12	12	0	5	0	12	114	114	0	24	0	114	
TRNY	25	T	5867	A	0	12	0	5	0	12	0	114	0	24	0	114	
TRNY	25	C	5867	G	0	12	0	5	0	12	0	114	0	24	0	114	
TRNY	56	A	5836	T	0	0	12	0	5	12	0	0	109	0	29	109	
TRNY	56	G	5836	C	0	0	12	0	5	12	0	0	109	0	29	109	
TRNY	56	C	5836	G	5	0	12	0	5	12	29	0	109	0	29	109	
TRNC	4	A	5823	T	0	0	5	0	12	12	0	0	35	0	102	102	
TRNC	4	G	5823	C	0	0	5	0	12	12	0	0	35	0	102	102	
TRNC	4	C	5823	G	12	0	5	0	12	12	102	0	35	0	102	102	
TRNN	7	A	5723	T	5	5	0	12	0	12	8	8	0	130	0	130	
TRNN	7	T	5723	A	0	5	0	12	0	12	0	8	0	130	0	130	patho
TRNN	7	C	5723	G	0	5	0	12	0	12	0	8	0	130	0	130	patho
TRNA	48	A	5608	T	5	5	0	12	0	12	95	95	0	42	0	95	
TRNA	48	T	5608	A	0	5	0	12	0	12	0	95	0	42	0	95	
TRNA	48	C	5608	G	0	5	0	12	0	12	0	95	0	42	0	95	
TRNW	40	A	5551	A	0	0	5	0	12	12	0	0	38	0	100	100	
TRNW	40	T	5551	T	5	0	5	0	12	12	38	0	38	0	100	100	
TRNW	40	G	5551	G	0	0	5	0	12	12	0	0	38	0	100	100	
TRNV	27	A	1628	A	0	0	5	0	12	12	1	1	112	0	25	112	
TRNV	27	T	1628	T	5	0	5	0	12	12	112	1	112	0	25	112	
TRNV	27	G	1628	G	0	0	5	0	12	12	0	1	112	0	25	112	
TRNF	43	A	619	A	0	0	5	0	12	12	0	0	46	0	90	90	
TRNF	43	G	619	G	0	0	5	0	12	12	0	0	46	0	90	90	
TRNF	43	C	619	C	12	0	5	0	12	12	90	0	46	0	90	90	
TRNE	63	A	14680	T	6	6	0	11	0	11	52	52	13	72	0	72	
TRNE	63	T	14680	A	0	6	0	11	0	11	13	52	13	72	0	72	
TRNE	63	C	14680	G	0	6	0	11	0	11	0	52	13	72	0	72	
TRNS2	28	T	12234	T	3	11	3	1	2	11	37	81	37	1	19	81	
TRNS2	28	G	12234	G	1	11	3	1	2	11	1	81	37	1	19	81	
TRNS2	28	C	12234	C	2	11	3	1	2	11	19	81	37	1	19	81	
TRNS2	25	A	12231	A	0	0	6	0	11	11	0	0	69	0	69	69	
TRNS2	25	T	12231	T	6	0	6	0	11	11	69	0	69	0	69	69	
TRNS2	25	G	12231	G	0	0	6	0	11	11	0	0	69	0	69	69	
TRNH	59	A	12196	A	0	0	11	0	6	11	0	0	103	0	35	103	
TRNH	59	T	12196	T	11	0	11	0	6	11	103	0	103	0	35	103	
TRNH	59	G	12196	G	0	0	11	0	6	11	0	0	103	0	35	103	
TRNS1	39	A	7476	T	5	5	1	11	0	11	87	87	3	48	0	87	
TRNS1	39	T	7476	A	1	5	1	11	0	11	3	87	3	48	0	87	
TRNS1	39	C	7476	G	0	5	1	11	0	11	0	87	3	48	0	87	
TRNN	68	A	5662	T	11	11	0	6	0	11	107	107	0	31	0	107	
TRNN	68	T	5662	A	0	11	0	6	0	11	0	107	0	31	0	107	
TRNN	68	C	5662	G	0	11	0	6	0	11	0	107	0	31	0	107	
TRNQ	66	A	4335	T	6	6	0	11	0	11	67	67	5	65	0	67	
TRNQ	66	T	4335	A	0	6	0	11	0	11	5	67	5	65	0	67	
TRNQ	66	C	4335	G	0	6	0	11	0	11	0	67	5	65	0	67	
TRNV	39	T	1640	T	0	11	0	6	0	11	0	123	0	13	2	123	
TRNV	39	G	1640	G	6	11	0	6	0	11	13	123	0	13	2	123	
TRNV	39	C	1640	C	0	11	0	6	0	11	2	123	0	13	2	123	
TRNV	6	A	1607	A	1	1	11	1	4	11	1	1	115	1	21	115	
TRNV	6	G	1607	G	1	1	11	1	4	11	1	1	115	1	21	115	
TRNV	6	C	1607	C	4	1	11	1	4	11	21	1	115	1	21	115	
TRNF	60	T	636	T	0	11	0	6	0	11	0	96	0	41	0	96	
TRNF	60	G	636	G	6	11	0	6	0	11	41	96	0	41	0	96	
TRNF	60	C	636	C	0	11	0	6	0	11	0	96	0	41	0	96	
TRNF	59	A	635	A	2	2	3	1	11	11	72	72	24	25	16	72	
TRNF	59	T	635	T	3	2	3	1	11	11	24	72	24	25	16	72	
TRNF	59	G	635	G	1	2	3	1	11	11	25	72	24	25	16	72	
TRNF	53	A	629	A	1	1	11	1	4	11	26	26	57	6	47	57	
TRNF	53	G	629	G	1	1	11	1	4	11	6	26	57	6	47	57	
TRNF	53	C	629	C	4	1	11	1	4	11	47	26	57	6	47	57	
TRNP	47	A	15977	T	7	7	0	10	0	10	34	34	0	99	0	99	
TRNP	47	T	15977	A	0	7	0	10	0	10	0	34	0	99	0	99	
TRNP	47	C	15977	G	0	7	0	10	0	10	0	34	0	99	0	99	
TRNE	46	A	14697	T	10	10	1	6	0	10	92	92	9	35	1	92	
TRNE	46	T	14697	A	1	10	1	6	0	10	9	92	9	35	1	92	
TRNE	46	C	14697	G	0	10	1	6	0	10	1	92	9	35	1	92	
TRNE	68	A	14675	T	0	0	10	0	7	10	0	0	122	0	15	122	
TRNE	68	G	14675	C	0	0	10	0	7	10	0	0	122	0	15	122	
TRNE	68	C	14675	G	7	0	10	0	7	10	15	0	122	0	15	122	
TRNY	46	A	5846	T	7	7	0	10	0	10	95	95	0	43	0	95	
TRNY	46	T	5846	A	0	7	0	10	0	10	0	95	0	43	0	95	
TRNY	46	C	5846	G	0	7	0	10	0	10	0	95	0	43	0	95	
TRNC	37	A	5790	T	10	10	0	7	0	10	104	104	2	31	0	104	
TRNC	37	T	5790	A	0	10	0	7	0	10	2	104	2	31	0	104	
TRNC	37	C	5790	G	0	10	0	7	0	10	0	104	2	31	0	104	
TRNA	24	A	5632	T	6	6	1	10	0	10	19	19	62	47	9	62	
TRNA	24	T	5632	A	1	6	1	10	0	10	62	19	62	47	9	62	
TRNA	24	C	5632	G	0	6	1	10	0	10	9	19	62	47	9	62	
TRNV	61	A	1662	A	0	0	7	0	10	10	52	52	12	3	71	71	
TRNV	61	T	1662	T	7	0	7	0	10	10	12	52	12	3	71	71	
TRNV	61	G	1662	G	0	0	7	0	10	10	3	52	12	3	71	71	
TRNV	46	A	1647	A	3	3	10	0	4	10	5	5	124	1	8	124	
TRNV	46	G	1647	G	0	3	10	0	4	10	1	5	124	1	8	124	
TRNV	46	C	1647	C	4	3	10	0	4	10	8	5	124	1	8	124	
TRNF	52	A	628	A	0	0	10	0	7	10	3	3	92	0	41	92	
TRNF	52	T	628	T	10	0	10	0	7	10	92	3	92	0	41	92	
TRNF	52	G	628	G	0	0	10	0	7	10	0	3	92	0	41	92	
TRNN	66	A	5664	T	0	0	9	0	8	9	0	0	12	0	126	126	
TRNN	66	G	5664	C	0	0	9	0	8	9	0	0	12	0	126	126	
TRNN	66	C	5664	G	8	0	9	0	8	9	126	0	12	0	126	126	
TRNN	67	A	5663	T	8	8	0	9	0	9	119	119	4	15	0	119	
TRNN	67	T	5663	A	0	8	0	9	0	9	4	119	4	15	0	119	
TRNN	67	C	5663	G	0	8	0	9	0	9	0	119	4	15	0	119	
TRNW	56	A	5567	A	1	1	9	0	7	9	10	10	73	4	51	73	
TRNW	56	G	5567	G	0	1	9	0	7	9	4	10	73	4	51	73	
TRNW	56	C	5567	C	7	1	9	0	7	9	51	10	73	4	51	73	
TRNV	63	A	1664	A	9	9	0	6	2	9	117	117	1	18	2	117	
TRNV	63	T	1664	T	0	9	0	6	2	9	1	117	1	18	2	117	
TRNV	63	C	1664	C	2	9	0	6	2	9	2	117	1	18	2	117	
TRNF	29	A	605	A	2	2	6	9	0	9	37	37	7	88	0	88	
TRNF	29	G	605	G	9	2	6	9	0	9	88	37	7	88	0	88	
TRNF	29	C	605	C	0	2	6	9	0	9	0	37	7	88	0	88	
TRNC	54	A	5773	T	0	0	8	1	8	8	7	7	61	24	45	61	
TRNC	54	T	5773	A	8	0	8	1	8	8	61	7	61	24	45	61	
TRNC	54	G	5773	C	1	0	8	1	8	8	24	7	61	24	45	61	
TRNW	51	A	5562	A	5	5	8	1	3	8	85	85	13	33	7	85	
TRNW	51	G	5562	G	1	5	8	1	3	8	33	85	13	33	7	85	
TRNW	51	C	5562	C	3	5	8	1	3	8	7	85	13	33	7	85	
TRNQ	7	A	4394	T	7	7	2	8	0	8	54	54	22	61	0	61	
TRNQ	7	T	4394	A	2	7	2	8	0	8	22	54	22	61	0	61	
TRNQ	7	C	4394	G	0	7	2	8	0	8	0	54	22	61	0	61	
TRNL2	38	A	12303	A	3	3	0	7	7	7	101	101	0	30	7	101	
TRNL2	38	T	12303	T	0	3	0	7	7	7	0	101	0	30	7	101	
TRNL2	38	G	12303	G	7	3	0	7	7	7	30	101	0	30	7	101	
